JZ 
82934,11947,城区  0.89,50002
80349,9330,城区  1.00,50004
81573,318,城区  1.08,50006
80773,5600,城区  1.11,50008
90397,4476,城区  1.07,50010
104587,15584,城区  1.03,50012
89842,18248,城区  0.86,50014
91179,8354,城区  1.01,50016
80104,9284,城区  1.02,50018
97232,9935,城区  1.04,50020
99341,10757,城区  1.02,50022
82723,10817,城区  1.11,50024
98444,1303,城区  0.87,50026
97786,12632,城区  1.08,50028
104891,4183,城区  0.90,50030
80010,7170,城区  0.96,50032
103954,15500,城区  1.08,50034
105641,11503,城区  0.97,50036
104709,2100,城区  0.96,50038
107048,14641,城区  0.85,50040
94722,6323,城区  1.02,50042
82136,10604,城区  1.05,50044
88832,1256,城区  1.10,50046
105479,4524,城区  0.93,50048
101974,10327,城区  0.92,50050
95232,14711,城区  0.99,50052
85729,4490,城区  0.94,50054
94483,5170,城区  0.99,50056
93853,1109,城区  1.11,50058
103279,1942,城区  0.92,50060
89920,5853,城区  0.99,50062
81139,10636,城区  1.10,50064
81982,17915,城区  0.95,50066
105957,3899,城区  0.90,50068
103082,7274,城区  0.98,50070
85096,443,城区  0.90,50072
94992,15812,城区  0.90,50074
96111,2217,城区  0.86,50076
81469,284,城区  1.12,50078
91876,10916,城区  1.07,50080
104806,1715,城区  1.15,50082
81800,2183,城区  1.12,50084
101023,1885,城区  0.90,50086
82684,12473,城区  0.92,50088
82208,6319,城区  1.07,50090
103789,12296,城区  0.93,50092
96879,8784,城区  1.08,50094
86113,10857,城区  1.09,50096
109598,14527,城区  0.94,50098
91840,7481,城区  0.91,50100
99248,10511,城区  1.04,50102
103275,16394,城区  0.93,50104
80887,6118,城区  1.13,50106
107616,7787,城区  0.93,50108
98979,17158,城区  0.85,50110
89976,8645,城区  0.96,50112
97483,19873,城区  0.85,50114
96647,6883,城区  1.11,50116
80339,6095,城区  0.89,50118
105396,8227,城区  1.14,50120
86933,11647,城区  1.05,50122
90404,9407,城区  1.12,50124
109398,4207,城区  0.88,50126
109385,2710,城区  1.03,50128
82293,19168,城区  1.13,50130
81994,9803,城区  1.06,50132
80450,18577,城区  0.96,50134
98457,13289,城区  1.10,50136
90732,15121,城区  1.09,50138
103929,11685,城区  1.12,50140
105037,2338,城区  0.93,50142
85178,1451,城区  0.89,50144
80712,14054,城区  0.89,50146
81755,1612,城区  0.89,50148
96009,10318,城区  1.11,50150
100146,4473,城区  1.13,50152
99010,18073,城区  1.02,50154
81106,12144,城区  1.09,50156
82238,11641,城区  1.01,50158
84468,6220,城区  0.98,50160
109062,7299,城区  1.11,50162
82577,8373,城区  0.86,50164
95370,8384,城区  0.87,50166
81305,15459,城区  1.00,50168
87617,6842,城区  0.99,50170
94408,12041,城区  1.06,50172
81446,19761,城区  1.11,50174
102882,305,城区  0.97,50176
81009,9482,城区  1.11,50178
106661,9736,城区  0.95,50180
102634,3080,城区  1.07,50182
81518,19944,城区  1.14,50184
89256,7063,城区  0.92,50186
102839,6508,城区  1.01,50188
84659,7565,城区  1.02,50190
100279,5639,城区  1.15,50192
82546,11921,城区  0.91,50194
80788,11866,城区  0.90,50196
97491,11819,城区  1.13,50198
99410,1986,城区  1.10,50200
107850,1817,城区  0.92,50202
106398,9643,城区  1.11,50204
105962,8273,城区  1.14,50206
106087,10609,城区  1.01,50208
81287,3252,城区  1.02,50210
102210,17463,城区  0.99,50212
85538,18607,城区  1.09,50214
85358,8955,城区  0.87,50216
86156,5389,城区  1.07,50218
84018,7304,城区  1.11,50220
83328,8553,城区  0.93,50222
99371,2178,城区  0.96,50224
100703,17777,城区  0.94,50226
97555,5181,城区  0.95,50228
93545,11648,城区  1.14,50230
102123,17298,城区  1.02,50232
90473,5765,城区  0.91,50234
82826,5309,城区  0.88,50236
94578,10306,城区  0.94,50238
89599,4038,城区  1.06,50240
84846,13002,城区  1.01,50242
85842,7838,城区  1.07,50244
86892,12719,城区  0.99,50246
96377,8155,城区  0.90,50248
89839,12117,城区  1.01,50250
84897,8278,城区  1.04,50252
85679,19950,城区  0.93,50254
103205,18617,城区  1.07,50256
80782,6184,城区  1.05,50258
93885,14497,城区  1.08,50260
104102,2959,城区  1.06,50262
100298,19613,城区  1.12,50264
83393,5493,城区  1.10,50266
107481,8787,城区  1.08,50268
81051,3938,城区  1.14,50270
108706,4044,城区  1.12,50272
108730,7285,城区  0.88,50274
91956,4096,城区  1.14,50276
84164,13208,城区  0.87,50278
109590,17749,城区  1.05,50280
84373,16196,城区  1.07,50282
80708,5481,城区  1.00,50284
86669,19001,城区  0.95,50286
109758,8197,城区  0.88,50288
104387,16479,城区  1.00,50290
100159,1257,城区  1.14,50292
107558,3526,城区  1.04,50294
96663,4304,城区  1.00,50296
91829,12032,城区  1.11,50298
106011,5503,城区  1.09,50300
81951,13713,城区  0.98,50302
81238,4925,城区  1.04,50304
81101,12538,城区  0.93,50306
102279,5342,城区  1.00,50308
100707,12345,城区  1.04,50310
93453,10386,城区  1.01,50312
82817,3441,城区  1.04,50314
104794,11252,城区  0.91,50316
81058,16299,城区  0.88,50318
89419,1378,城区  1.08,50320
83152,7452,城区  0.91,50322
94811,7223,城区  0.94,50324
85187,15253,城区  1.08,50326
81721,17876,城区  1.03,50328
90601,2078,城区  0.89,50330
103968,3318,城区  0.99,50332
92345,11629,城区  1.11,50334
97315,13493,城区  1.03,50336
93977,12385,城区  0.90,50338
107306,8221,城区  1.14,50340
86981,642,城区  0.90,50342
84068,14079,城区  0.90,50344
106741,8596,城区  1.02,50346
108353,12042,城区  1.05,50348
108476,18913,城区  0.94,50350
81973,19819,城区  0.99,50352
95945,2182,城区  1.12,50354
95757,12303,城区  0.90,50356
98969,75,城区  1.11,50358
95191,3029,城区  1.07,50360
101951,13892,城区  1.08,50362
91638,10344,城区  1.07,50364
92997,9653,城区  0.91,50366
82479,15822,城区  0.91,50368
85075,5680,城区  1.05,50370
102204,4288,城区  1.02,50372
96677,4897,城区  1.01,50374
82786,1095,城区  0.98,50376
100214,7843,城区  0.89,50378
92505,15166,城区  0.90,50380
101860,6299,城区  1.13,50382
80354,6971,城区  1.06,50384
106240,15013,城区  1.11,50386
90774,17460,城区  1.10,50388
107266,10327,城区  0.90,50390
90839,10941,城区  1.05,50392
109531,10442,城区  1.08,50394
85483,3402,城区  1.04,50396
100509,10089,城区  0.95,50398
93602,4003,城区  1.04,50400
82237,5808,城区  1.10,50402
82716,1672,城区  1.03,50404
102398,7493,城区  1.03,50406
84878,3635,城区  0.95,50408
105925,5334,城区  0.95,50410
85265,6627,城区  1.04,50412
96358,6200,城区  1.12,50414
87000,7597,城区  0.92,50416
105481,1919,城区  0.94,50418
98932,19145,城区  0.95,50420
108185,2951,城区  1.03,50422
96226,15256,城区  0.92,50424
103455,8071,城区  0.90,50426
91280,2447,城区  0.85,50428
95148,1479,城区  1.00,50430
99250,8432,城区  0.86,50432
103578,2118,城区  1.13,50434
106601,6298,城区  1.02,50436
106251,6141,城区  1.11,50438
108208,4432,城区  1.07,50440
80870,4003,城区  1.13,50442
101911,19564,城区  1.05,50444
80541,3319,城区  0.97,50446
82080,14524,城区  1.01,50448
92599,1947,城区  1.06,50450
100967,12209,城区  0.86,50452
86330,2634,城区  0.95,50454
80301,9905,城区  1.04,50456
92590,6867,城区  0.87,50458
100019,714,城区  0.90,50460
95901,46,城区  1.05,50462
103895,8400,城区  0.87,50464
99149,8602,城区  0.99,50466
92929,1400,城区  0.85,50468
86598,11480,城区  1.04,50470
90830,3495,城区  0.98,50472
105244,6562,城区  0.92,50474
108123,10380,城区  1.11,50476
93155,2455,城区  1.07,50478
98767,930,城区  0.90,50480
86300,2048,城区  1.05,50482
100717,495,城区  1.00,50484
90624,12177,城区  1.08,50486
99311,1395,城区  1.00,50488
84075,4867,城区  1.12,50490
83812,9773,城区  0.86,50492
107227,14526,城区  0.95,50494
81047,15005,城区  0.91,50496
99385,7026,城区  0.91,50498
80132,10886,城区  1.03,50500
108652,10213,城区  0.88,50502
83503,8709,城区  0.90,50504
99818,8010,城区  1.12,50506
81419,7191,城区  0.99,50508
99252,2710,城区  0.88,50510
85310,10940,城区  0.91,50512
104587,16822,城区  1.08,50514
88261,9125,城区  0.96,50516
82757,6697,城区  1.06,50518
91009,2792,城区  0.93,50520
95610,6735,城区  0.92,50522
90096,2891,城区  0.94,50524
98577,5909,城区  0.86,50526
86394,12818,城区  0.98,50528
80161,10071,城区  1.04,50530
90834,2246,城区  1.09,50532
107383,12084,城区  0.99,50534
81755,5973,城区  0.94,50536
100371,11537,城区  1.14,50538
105367,414,城区  1.05,50540
105867,16789,城区  0.93,50542
97539,9764,城区  0.98,50544
81513,18883,城区  1.07,50546
101359,183,城区  0.91,50548
80548,9537,城区  0.96,50550
105016,11548,城区  1.09,50552
102205,3055,城区  1.10,50554
106472,10712,城区  1.08,50556
82219,17811,城区  0.93,50558
84774,8331,城区  1.04,50560
89544,1070,城区  1.12,50562
94984,15451,城区  0.88,50564
96418,13010,城区  1.13,50566
87320,19168,城区  0.93,50568
106137,6126,城区  1.12,50570
103342,9526,城区  0.92,50572
89842,16273,城区  1.07,50574
98164,3669,城区  1.14,50576
94999,1998,城区  0.95,50578
90282,12680,城区  0.85,50580
104697,2634,城区  0.98,50582
83196,1785,城区  1.05,50584
81240,15608,城区  0.93,50586
89369,11847,城区  1.08,50588
92755,6838,城区  0.96,50590
82243,9474,城区  0.89,50592
91153,543,城区  1.02,50594
104070,11401,城区  0.95,50596
82023,5456,城区  0.97,50598
104045,14771,城区  1.01,50600
92096,15225,城区  0.93,50602
96574,8112,城区  0.95,50604
105653,16459,城区  1.00,50606
83754,4585,城区  1.08,50608
81896,8063,城区  0.95,50610
80323,14395,城区  1.13,50612
92766,7953,城区  0.94,50614
82164,5516,城区  1.02,50616
90285,14978,城区  0.85,50618
91028,12394,城区  1.08,50620
101108,2334,城区  0.96,50622
103047,1747,城区  1.04,50624
82607,4240,城区  0.87,50626
101483,16978,城区  1.13,50628
108163,7100,城区  1.12,50630
101025,10744,城区  0.96,50632
86795,10953,城区  1.12,50634
101751,5089,城区  1.10,50636
101087,5024,城区  1.11,50638
80635,6237,城区  1.08,50640
103664,13627,城区  1.03,50642
88331,10771,城区  0.92,50644
108079,3397,城区  1.05,50646
105350,8766,城区  1.02,50648
82783,16453,城区  0.89,50650
91559,5461,城区  1.11,50652
92345,5672,城区  1.02,50654
84458,11128,城区  0.87,50656
107814,4138,城区  1.10,50658
103958,2873,城区  1.05,50660
104944,9509,城区  0.99,50662
106811,10522,城区  1.01,50664
86333,11700,城区  0.96,50666
14152,8059,城区  1.06,50668
13371,8472,城区  0.95,50670
28030,1427,城区  1.12,50672
25266,5715,城区  0.96,50674
753,11666,城区  1.06,50676
9862,5942,城区  0.87,50678
18907,5027,城区  1.07,50680
4177,13694,城区  1.10,50682
13153,3451,城区  1.08,50684
30734,542,城区  0.95,50686
22050,14669,城区  1.01,50688
17559,12018,城区  0.95,50690
11941,337,城区  0.86,50692
17512,6810,城区  0.98,50694
27011,300,城区  0.95,50696
19417,10801,城区  0.96,50698
21855,7833,城区  1.07,50700
3155,1962,城区  1.07,50702
28425,5485,城区  0.90,50704
13616,8350,城区  0.89,50706
25698,10877,城区  0.86,50708
14911,5307,城区  1.06,50710
31448,309,城区  0.90,50712
25895,4110,城区  0.99,50714
3217,3118,城区  0.91,50716
28189,12236,城区  0.96,50718
23463,5548,城区  1.13,50720
3495,13232,城区  1.10,50722
23801,2398,城区  0.93,50724
7272,11058,城区  1.13,50726
25727,3553,城区  0.93,50728
14113,10208,城区  1.04,50730
23340,1878,城区  1.11,50732
19571,3517,城区  1.00,50734
27317,2400,城区  0.94,50736
18173,1761,城区  0.86,50738
26080,1189,城区  1.00,50740
500,7091,城区  1.13,50742
13349,3200,城区  1.08,50744
12099,1362,城区  0.93,50746
15815,4553,城区  1.00,50748
7633,11867,城区  1.03,50750
20912,7057,城区  0.92,50752
13192,11443,城区  1.04,50754
20656,9986,城区  0.87,50756
16937,10373,城区  0.97,50758
8695,8861,城区  0.90,50760
28442,10856,城区  1.00,50762
8926,5981,城区  1.04,50764
1445,3232,城区  1.12,50766
30808,13797,城区  0.98,50768
2158,3829,城区  0.95,50770
29351,5598,城区  0.89,50772
513,4212,城区  0.86,50774
9256,4383,城区  0.99,50776
15816,3595,城区  1.10,50778
29264,3472,城区  0.91,50780
2517,7266,城区  0.85,50782
21555,4886,城区  1.04,50784
14124,6226,城区  1.05,50786
13352,11457,城区  0.87,50788
4520,1448,城区  1.01,50790
4720,1122,城区  1.09,50792
18821,1871,城区  1.10,50794
9443,7161,城区  0.99,50796
6198,14802,城区  1.13,50798
21513,12928,城区  1.14,50800
5908,9912,城区  1.08,50802
12344,3971,城区  1.00,50804
6656,46,城区  1.10,50806
22922,1157,城区  0.89,50808
14618,7550,城区  1.15,50810
27581,14038,城区  1.11,50812
23572,14422,城区  1.01,50814
23399,12182,城区  0.86,50816
24264,12275,城区  1.02,50818
25601,13805,城区  0.90,50820
6686,8316,城区  0.87,50822
16051,14915,城区  1.05,50824
3430,8173,城区  0.96,50826
26603,2029,城区  1.00,50828
25519,10265,城区  1.14,50830
19998,1333,城区  1.08,50832
28098,12057,城区  1.05,50834
28241,10422,城区  0.96,50836
13516,4327,城区  1.04,50838
13104,1420,城区  1.02,50840
21211,9563,城区  0.85,50842
29148,614,城区  0.93,50844
5562,6784,城区  1.13,50846
11204,1301,城区  0.98,50848
26062,7542,城区  1.06,50850
24346,489,城区  0.93,50852
19975,7623,城区  1.06,50854
14278,7411,城区  0.86,50856
8960,10216,城区  0.91,50858
28900,10236,城区  1.08,50860
30428,5910,城区  1.07,50862
15152,11213,城区  0.85,50864
5260,4368,城区  1.01,50866
5874,9444,城区  1.01,50868
30849,1823,城区  1.14,50870
20546,13104,城区  0.95,50872
30191,9770,城区  0.89,50874
17084,7281,城区  0.85,50876
16176,5535,城区  0.86,50878
17920,8861,城区  0.91,50880
11505,13602,城区  1.03,50882
13971,6489,城区  0.90,50884
13086,9000,城区  1.05,50886
1777,574,城区  1.11,50888
17366,10519,城区  0.97,50890
13054,1138,城区  0.98,50892
16327,10406,城区  1.15,50894
25621,14332,城区  0.88,50896
20677,2211,城区  1.10,50898
7769,7654,城区  1.04,50900
30329,5469,城区  1.10,50902
39,13780,城区  0.89,50904
30327,13544,城区  1.11,50906
684,10669,城区  1.05,50908
6179,9961,城区  0.90,50910
22291,7498,城区  1.13,50912
27172,12629,城区  0.92,50914
32201,2286,城区  1.14,50916
4703,12662,城区  0.91,50918
7610,8533,城区  0.95,50920
10922,1178,城区  0.98,50922
32680,3936,城区  1.10,50924
15292,2945,城区  0.93,50926
30180,997,城区  0.98,50928
21759,5353,城区  0.98,50930
29446,3856,城区  0.90,50932
23376,10039,城区  0.87,50934
12933,4018,城区  1.12,50936
16857,4102,城区  1.14,50938
11323,8395,城区  0.85,50940
18301,12285,城区  1.00,50942
10292,1455,城区  1.14,50944
22682,10000,城区  1.00,50946
14939,8390,城区  1.03,50948
10243,1384,城区  1.09,50950
17896,949,城区  0.90,50952
17281,2000,城区  0.90,50954
30353,11042,城区  1.13,50956
10054,215,城区  1.01,50958
29172,10115,城区  1.02,50960
28942,3329,城区  0.98,50962
28087,10789,城区  1.11,50964
7904,12517,城区  0.93,50966
26436,7446,城区  0.95,50968
3765,12242,城区  0.95,50970
56,2967,城区  1.03,50972
2922,12947,城区  1.01,50974
3801,10029,城区  1.05,50976
26822,5728,城区  1.10,50978
21546,13689,城区  1.02,50980
21382,11406,城区  0.99,50982
4482,14760,城区  1.13,50984
23452,335,城区  1.04,50986
30119,14828,城区  0.87,50988
11824,11229,城区  1.05,50990
7644,7642,城区  0.95,50992
16900,9651,城区  0.96,50994
16747,1880,城区  0.87,50996
13381,6838,城区  0.90,50998
7819,2499,城区  1.01,51000
3312,106,城区  1.11,51002
30131,227,城区  0.91,51004
26963,2665,城区  0.93,51006
23737,10402,城区  0.93,51008
28764,14837,城区  0.95,51010
1364,6676,城区  0.97,51012
18339,29,城区  0.90,51014
19151,7010,城区  1.11,51016
20863,1895,城区  0.96,51018
2329,4912,城区  1.04,51020
7044,6003,城区  0.97,51022
29555,11011,城区  0.87,51024
25141,7173,城区  0.97,51026
27490,12372,城区  0.99,51028
14809,8184,城区  1.04,51030
18625,4171,城区  1.07,51032
5548,1999,城区  1.01,51034
10746,6643,城区  1.09,51036
24037,8879,城区  0.88,51038
20428,454,城区  1.13,51040
23117,11565,城区  0.96,51042
18999,5497,城区  1.13,51044
14933,14830,城区  0.87,51046
25687,8828,城区  1.02,51048
17645,8438,城区  1.08,51050
23384,13216,城区  1.08,51052
2446,9759,城区  0.96,51054
4303,1514,城区  0.95,51056
6452,9534,城区  1.12,51058
8986,3,城区  1.15,51060
10552,5499,城区  1.13,51062
13964,6843,城区  0.87,51064
23372,13678,城区  1.03,51066
20635,14361,城区  0.98,51068
3338,1651,城区  0.88,51070
585,6686,城区  1.14,51072
22221,9737,城区  0.99,51074
20852,1940,城区  0.86,51076
5335,6791,城区  1.08,51078
26848,2723,城区  1.10,51080
18152,14124,城区  0.89,51082
9489,10185,城区  1.08,51084
4569,9994,城区  1.13,51086
10313,10426,城区  1.00,51088
3027,9293,城区  1.04,51090
19026,601,城区  1.09,51092
1852,781,城区  0.86,51094
2261,11564,城区  1.10,51096
6516,11568,城区  1.06,51098
9063,13497,城区  0.94,51100
29165,6804,城区  1.09,51102
23206,1413,城区  1.14,51104
2896,1430,城区  0.86,51106
27624,2559,城区  0.95,51108
9124,8975,城区  0.99,51110
27505,401,城区  0.86,51112
2485,2575,城区  1.09,51114
7475,5909,城区  0.98,51116
32047,1754,城区  1.15,51118
28791,5758,城区  0.90,51120
27685,1066,城区  0.92,51122
23818,14833,城区  1.07,51124
5120,9367,城区  0.89,51126
8385,41,城区  1.13,51128
17670,5890,城区  0.99,51130
21100,13886,城区  0.89,51132
3833,7897,城区  0.96,51134
31643,4605,城区  1.15,51136
17032,10116,城区  0.99,51138
31923,12125,城区  1.12,51140
18039,6893,城区  1.04,51142
30546,8449,城区  1.02,51144
4309,2783,城区  1.06,51146
26863,807,城区  1.10,51148
29596,6397,城区  1.14,51150
5168,12312,城区  1.04,51152
10623,731,城区  1.12,51154
24961,11030,城区  1.09,51156
31456,9221,城区  1.02,51158
4024,12463,城区  1.11,51160
15397,9341,城区  1.08,51162
29690,138,城区  1.05,51164
7642,3291,城区  0.95,51166
13342,1089,城区  1.13,51168
7271,2098,城区  0.91,51170
26932,13145,城区  1.06,51172
8267,5480,城区  1.14,51174
9,2766,城区  1.07,51176
24844,546,城区  1.12,51178
2993,3450,城区  1.10,51180
11371,14644,城区  1.03,51182
8843,7901,城区  0.99,51184
8306,8567,城区  1.08,51186
22580,13635,城区  1.11,51188
631,2385,城区  0.91,51190
1888,1479,城区  1.12,51192
30261,223,城区  0.90,51194
29854,10624,城区  0.97,51196
16250,7582,城区  0.93,51198
28518,11229,城区  1.01,51200
15906,2414,城区  0.93,51202
2314,6991,城区  1.01,51204
18266,11159,城区  0.90,51206
20829,11476,城区  1.12,51208
12381,1072,城区  0.99,51210
22315,6153,城区  0.89,51212
7718,10868,城区  1.11,51214
32479,6703,城区  0.85,51216
19153,14622,城区  1.04,51218
11236,9331,城区  0.85,51220
15519,6944,城区  0.95,51222
18849,8332,城区  1.14,51224
13272,11118,城区  1.12,51226
1832,13605,城区  0.86,51228
11268,10819,城区  0.87,51230
9451,3748,城区  1.06,51232
555,1905,城区  0.93,51234
5652,12345,城区  0.99,51236
29985,8818,城区  0.97,51238
32597,9980,城区  0.99,51240
5643,14255,城区  1.05,51242
23370,10655,城区  0.93,51244
11930,10077,城区  1.11,51246
20675,481,城区  0.93,51248
28592,150,城区  1.14,51250
8592,8256,城区  1.14,51252
13939,6330,城区  1.14,51254
6307,5771,城区  0.86,51256
12017,2027,城区  1.02,51258
5288,7906,城区  1.08,51260
25315,2792,城区  1.02,51262
18532,7479,城区  0.98,51264
10293,13560,城区  1.08,51266
7281,2491,城区  0.91,51268
13914,14943,城区  1.00,51270
22073,13787,城区  0.87,51272
15001,5135,城区  1.12,51274
22078,13176,城区  1.05,51276
25295,3278,城区  0.93,51278
29710,3637,城区  0.98,51280
21346,14054,城区  1.03,51282
18550,14062,城区  1.07,51284
10319,1293,城区  1.09,51286
9930,8637,城区  0.95,51288
19108,14572,城区  0.92,51290
11372,10746,城区  0.99,51292
23234,6085,城区  1.01,51294
14791,6428,城区  1.01,51296
1331,2442,城区  1.02,51298
27264,902,城区  0.88,51300
6911,1292,城区  1.00,51302
19087,1955,城区  1.03,51304
1993,782,城区  0.89,51306
9334,12773,城区  0.96,51308
3859,1150,城区  0.95,51310
26839,13808,城区  0.90,51312
26489,4949,城区  1.10,51314
27157,3433,城区  0.97,51316
9677,5809,城区  1.04,51318
1728,11158,城区  1.09,51320
17235,4063,城区  1.01,51322
29699,10025,城区  0.89,51324
12685,7600,城区  0.90,51326
13644,9283,城区  0.92,51328
13144,2040,城区  0.85,51330
223,14159,城区  1.12,51332
26189,2498,城区  0.99,51334
26910,8760,城区  0.88,51336
22688,7988,城区  1.02,51338
12448,4258,城区  1.04,51340
1775,2716,城区  0.93,51342
17269,4772,城区  0.87,51344
31432,13674,城区  0.88,51346
31276,13369,城区  1.08,51348
19913,4677,城区  1.02,51350
7019,8696,城区  1.06,51352
24225,4781,城区  1.00,51354
5948,3842,城区  1.01,51356
23662,10536,城区  0.87,51358
17257,4482,城区  1.11,51360
16919,3559,城区  0.96,51362
623,6377,城区  1.09,51364
16062,272,城区  1.01,51366
18157,8835,城区  1.13,51368
10591,4080,城区  1.08,51370
25515,4323,城区  1.11,51372
19759,711,城区  1.14,51374
7295,9811,城区  1.11,51376
26980,5357,城区  0.95,51378
1723,3484,城区  0.94,51380
31325,5495,城区  0.96,51382
2033,575,城区  1.01,51384
7026,4268,城区  1.01,51386
14374,12783,城区  1.10,51388
22480,12525,城区  0.93,51390
10454,6417,城区  0.99,51392
26147,2367,城区  0.99,51394
9293,14886,城区  0.96,51396
24076,2611,城区  1.01,51398
28996,12769,城区  0.93,51400
18314,2287,城区  1.01,51402
5320,13289,城区  0.89,51404
17374,10253,城区  1.10,51406
205,14002,城区  1.06,51408
19614,14156,城区  0.97,51410
10241,3284,城区  1.00,51412
28901,1799,城区  0.89,51414
8122,11830,城区  0.86,51416
25064,4771,城区  0.89,51418
24336,2211,城区  1.11,51420
22366,1533,城区  1.13,51422
22153,6573,城区  0.93,51424
10607,8895,城区  1.12,51426
7641,12521,城区  1.00,51428
16692,12027,城区  0.90,51430
23977,4388,城区  1.08,51432
483,1043,城区  1.11,51434
31076,4097,城区  1.01,51436
23622,4751,城区  0.99,51438
24948,3194,城区  1.13,51440
11017,2559,城区  0.87,51442
28796,11155,城区  1.01,51444
4603,11195,城区  1.08,51446
22124,7192,城区  0.95,51448
13158,9681,城区  0.95,51450
27274,3483,城区  0.93,51452
30211,2304,城区  0.89,51454
22970,14201,城区  1.04,51456
6959,2310,城区  1.10,51458
6322,445,城区  0.89,51460
22639,12432,城区  1.02,51462
23011,13047,城区  1.04,51464
22639,13097,城区  1.15,51466
5422,5661,城区  0.89,51468
18164,10106,城区  1.09,51470
972,9071,城区  1.08,51472
10361,11659,城区  0.87,51474
23787,12189,城区  0.90,51476
2426,11268,城区  1.08,51478
12272,7215,城区  0.94,51480
23184,13900,城区  0.96,51482
32609,13376,城区  1.10,51484
26091,1188,城区  1.01,51486
19423,1911,城区  0.91,51488
32724,10882,城区  1.04,51490
8375,14902,城区  0.92,51492
14137,9591,城区  0.89,51494
31737,12613,城区  1.03,51496
11376,10440,城区  1.09,51498
10775,1856,城区  0.85,51500
9136,11782,城区  1.00,51502
29036,4205,城区  1.06,51504
13825,10993,城区  1.11,51506
17485,8237,城区  1.03,51508
32382,1015,城区  0.87,51510
12395,2263,城区  1.00,51512
6984,2517,城区  0.94,51514
30886,3165,城区  1.03,51516
8320,888,城区  1.05,51518
17072,7962,城区  0.91,51520
275,5659,城区  0.87,51522
5127,1734,城区  0.95,51524
17486,6945,城区  1.01,51526
4659,14290,城区  0.86,51528
28776,7888,城区  0.90,51530
10316,13269,城区  0.92,51532
12680,6779,城区  0.91,51534
26667,8269,城区  1.08,51536
16883,11671,城区  0.92,51538
18402,1358,城区  1.08,51540
17249,6219,城区  1.09,51542
19525,7027,城区  0.87,51544
25265,3938,城区  1.01,51546
22439,9126,城区  0.89,51548
5741,2524,城区  1.10,51550
16419,8014,城区  1.10,51552
24029,9672,城区  1.07,51554
4865,11441,城区  0.97,51556
27047,12132,城区  1.13,51558
4887,3903,城区  0.95,51560
22555,144,城区  0.96,51562
7740,559,城区  0.88,51564
32453,8998,城区  1.08,51566
18976,6403,城区  1.08,51568
26595,1125,城区  1.01,51570
17193,2179,城区  1.00,51572
1471,8656,城区  0.92,51574
22565,12814,城区  1.01,51576
30511,6866,城区  1.07,51578
13299,6606,城区  0.95,51580
24477,5910,城区  1.13,51582
8816,2414,城区  0.95,51584
6759,5000,城区  1.08,51586
28740,4232,城区  0.86,51588
17536,13967,城区  1.04,51590
3437,5889,城区  1.11,51592
2188,13773,城区  0.98,51594
10392,3441,城区  1.02,51596
6387,2919,城区  0.95,51598
3490,13195,城区  0.88,51600
8355,169,城区  1.08,51602
15327,9415,城区  1.04,51604
32371,3157,城区  0.89,51606
30961,14834,城区  1.07,51608
10340,2364,城区  0.96,51610
11097,9991,城区  1.06,51612
27451,1085,城区  0.85,51614
5133,10715,城区  0.94,51616
12323,2513,城区  1.12,51618
8366,13480,城区  0.92,51620
21844,11113,城区  0.92,51622
6202,11115,城区  1.08,51624
18430,14273,城区  1.11,51626
25164,2974,城区  0.93,51628
15581,5036,城区  0.87,51630
11593,4430,城区  0.97,51632
29255,7210,城区  1.01,51634
20997,8316,城区  0.86,51636
8598,656,城区  0.94,51638
5074,9491,城区  1.06,51640
32563,12526,城区  1.01,51642
20969,85,城区  0.89,51644
12211,2521,城区  1.01,51646
31666,14507,城区  0.89,51648
15812,6172,城区  0.98,51650
11104,4076,城区  1.11,51652
12254,11914,城区  0.91,51654
17095,13630,城区  1.15,51656
11763,273,城区  0.85,51658
21642,6081,城区  0.91,51660
1677,3694,城区  0.93,51662
6122,456,城区  1.11,51664
8225,9151,城区  0.95,51666
12250,2334,城区  1.09,51668
20102,11417,城区  1.01,51670
15917,1131,城区  0.88,51672
28096,7457,城区  1.11,51674
8688,10234,城区  0.94,51676
23215,8329,城区  1.09,51678
27733,6390,城区  0.87,51680
14141,3838,城区  1.09,51682
6583,1949,城区  1.02,51684
11034,11367,城区  0.93,51686
1178,13494,城区  0.91,51688
21296,4981,城区  0.86,51690
26303,605,城区  1.10,51692
8527,11059,城区  0.89,51694
8349,12932,城区  1.10,51696
23238,4527,城区  0.93,51698
31196,11568,城区  1.12,51700
32731,11383,城区  1.14,51702
11689,4871,城区  0.86,51704
32621,12867,城区  0.87,51706
27647,13082,城区  1.04,51708
282,9554,城区  1.02,51710
5422,2274,城区  0.88,51712
5569,1038,城区  1.13,51714
26451,2521,城区  1.03,51716
4417,11497,城区  1.01,51718
11642,5759,城区  0.86,51720
438,11547,城区  0.99,51722
20123,1526,城区  0.98,51724
30638,2953,城区  0.93,51726
28345,1045,城区  0.90,51728
28678,14410,城区  0.94,51730
16074,4517,城区  0.90,51732
31602,401,城区  1.04,51734
10287,11112,城区  1.01,51736
2269,979,城区  0.95,51738
18147,7856,城区  1.06,51740
20255,2694,城区  0.96,51742
12724,1959,城区  0.93,51744
1987,709,城区  0.88,51746
29203,2360,城区  1.08,51748
20431,7790,城区  1.10,51750
21871,7755,城区  1.05,51752
25801,666,城区  1.06,51754
12,10389,城区  0.98,51756
25460,3601,城区  1.11,51758
28118,5406,城区  1.14,51760
31478,8846,城区  1.04,51762
26532,14208,城区  0.96,51764
614,10805,城区  1.04,51766
29668,1761,城区  0.90,51768
22516,9200,城区  0.93,51770
32685,14886,城区  0.85,51772
14377,4521,城区  0.98,51774
31132,14826,城区  0.86,51776
8438,256,城区  1.07,51778
27158,407,城区  1.09,51780
10110,9565,城区  0.85,51782
19647,1917,城区  1.01,51784
14572,1394,城区  1.02,51786
7490,9383,城区  0.99,51788
23981,992,城区  0.92,51790
15817,5962,城区  0.97,51792
5097,4994,城区  1.05,51794
10152,4411,城区  1.14,51796
273,642,城区  1.12,51798
18225,9127,城区  1.01,51800
25556,1025,城区  1.13,51802
2475,10127,城区  1.11,51804
9956,14068,城区  1.00,51806
4320,5422,城区  0.94,51808
2637,9607,城区  0.95,51810
16827,14184,城区  1.00,51812
23627,8645,城区  1.09,51814
3057,2537,城区  0.89,51816
31714,8834,城区  1.10,51818
26284,1301,城区  0.99,51820
11940,12254,城区  1.06,51822
8874,8124,城区  0.88,51824
114,262,城区  1.04,51826
27733,1930,城区  1.06,51828
16143,3952,城区  0.95,51830
14522,6595,城区  0.90,51832
31968,2477,城区  1.07,51834
28269,2984,城区  1.05,51836
11578,9685,城区  1.02,51838
30645,13517,城区  0.95,51840
12795,9969,城区  0.89,51842
7585,3694,城区  0.95,51844
25968,8029,城区  0.96,51846
9164,11976,城区  1.01,51848
7341,1024,城区  0.99,51850
11000,5228,城区  1.07,51852
7652,10090,城区  0.89,51854
29904,1750,城区  0.93,51856
25443,976,城区  0.94,51858
19819,1121,城区  1.00,51860
3898,9438,城区  0.97,51862
12137,4224,城区  0.98,51864
31931,9171,城区  1.01,51866
15808,10290,城区  0.86,51868
13398,6556,城区  1.09,51870
31378,2554,城区  1.05,51872
31604,14109,城区  0.87,51874
17575,10405,城区  1.12,51876
7528,12260,城区  0.99,51878
11608,10103,城区  1.13,51880
11153,6627,城区  0.89,51882
14102,11590,城区  1.08,51884
8759,1987,城区  0.93,51886
4307,669,城区  0.87,51888
27855,8823,城区  0.90,51890
31977,14481,城区  0.93,51892
32685,11995,城区  1.02,51894
21092,10499,城区  1.04,51896
30281,11058,城区  1.09,51898
32180,11368,城区  1.04,51900
11427,11527,城区  0.87,51902
8751,8545,城区  0.88,51904
28521,12881,城区  1.11,51906
4075,13999,城区  1.02,51908
29166,13866,城区  1.06,51910
14811,4432,城区  1.07,51912
2578,11284,城区  0.99,51914
17973,3909,城区  1.12,51916
4521,6744,城区  1.03,51918
18312,3267,城区  0.91,51920
2570,11218,城区  0.87,51922
14092,13869,城区  1.09,51924
2500,12989,城区  1.04,51926
30993,2381,城区  0.95,51928
26029,12793,城区  0.91,51930
6809,2550,城区  0.93,51932
15820,1245,城区  1.09,51934
9091,12980,城区  0.88,51936
27599,8277,城区  0.97,51938
23246,7431,城区  1.01,51940
5116,7028,城区  0.96,51942
17116,8486,城区  1.06,51944
6897,6367,城区  1.00,51946
29123,12166,城区  1.11,51948
20869,12520,城区  0.87,51950
19975,5939,城区  1.08,51952
5543,1673,城区  0.86,51954
12885,26,城区  0.88,51956
16921,7860,城区  1.00,51958
6936,4298,城区  0.92,51960
24648,5175,城区  1.10,51962
22269,2767,城区  0.89,51964
30397,12438,城区  1.01,51966
20420,11191,城区  0.87,51968
21463,4952,城区  0.99,51970
29421,14753,城区  1.12,51972
10191,2419,城区  0.87,51974
6690,13012,城区  1.11,51976
29234,8197,城区  1.14,51978
8560,3475,城区  1.02,51980
1621,1130,城区  0.96,51982
11688,11447,城区  1.01,51984
1912,10074,城区  0.98,51986
3971,1466,城区  0.96,51988
2184,14790,城区  0.88,51990
16479,6501,城区  0.93,51992
17599,12747,城区  1.07,51994
15278,10925,城区  0.94,51996
32160,10672,城区  0.89,51998
1129,31332,城区  1.15,52000
16374,34969,城区  1.08,52002
2088,19559,城区  0.95,52004
4921,24709,城区  0.90,52006
22965,36574,城区  0.98,52008
1303,22245,城区  1.01,52010
6531,30983,城区  0.96,52012
17381,15020,城区  0.97,52014
13312,30140,城区  0.96,52016
9361,16444,城区  0.95,52018
18836,21855,城区  0.98,52020
14379,25611,城区  1.04,52022
3943,35744,城区  1.11,52024
2380,35236,城区  0.97,52026
1981,33643,城区  1.14,52028
16352,32331,城区  0.96,52030
6954,34975,城区  0.96,52032
11742,18166,城区  0.93,52034
7326,15044,城区  0.99,52036
5612,16865,城区  0.87,52038
21467,20070,城区  0.85,52040
23077,24661,城区  0.90,52042
21282,21781,城区  1.02,52044
15680,15407,城区  0.96,52046
320,37771,城区  0.94,52048
12101,16222,城区  0.90,52050
9671,23373,城区  1.07,52052
22366,31706,城区  0.95,52054
9613,21415,城区  0.93,52056
21515,31225,城区  0.96,52058
8313,24862,城区  0.95,52060
8744,18285,城区  1.06,52062
23038,38322,城区  0.88,52064
12418,15295,城区  1.11,52066
4870,35132,城区  1.03,52068
10477,22662,城区  1.02,52070
795,30719,城区  0.96,52072
14621,18093,城区  1.14,52074
7109,17497,城区  0.86,52076
4872,25408,城区  1.02,52078
24693,27257,城区  0.89,52080
5926,16792,城区  0.90,52082
9115,17303,城区  0.98,52084
18363,17146,城区  1.01,52086
13953,23981,城区  1.02,52088
23142,21289,城区  1.09,52090
367,34735,城区  1.11,52092
12388,17029,城区  1.13,52094
371,22265,城区  0.96,52096
8213,17763,城区  0.95,52098
1783,29081,城区  1.08,52100
7541,33212,城区  1.08,52102
6293,35420,城区  0.98,52104
23299,35979,城区  1.06,52106
21954,16580,城区  1.04,52108
2586,38719,城区  0.88,52110
1367,26495,城区  1.11,52112
10503,18296,城区  0.94,52114
2856,21408,城区  0.99,52116
5237,15665,城区  0.93,52118
19666,26116,城区  1.06,52120
0,23363,城区  1.11,52122
11375,28081,城区  1.13,52124
19901,20587,城区  1.14,52126
9464,15206,城区  1.09,52128
18954,26929,城区  1.06,52130
2736,25918,城区  0.88,52132
19705,17776,城区  1.13,52134
21575,29200,城区  0.99,52136
6682,28455,城区  0.95,52138
10,34362,城区  1.11,52140
21310,20515,城区  1.04,52142
13598,27354,城区  1.10,52144
16124,20165,城区  1.11,52146
17765,22130,城区  0.99,52148
2720,17190,城区  0.97,52150
20902,28384,城区  1.11,52152
1717,25255,城区  1.09,52154
6537,17744,城区  1.07,52156
760,17109,城区  1.07,52158
19021,33740,城区  0.89,52160
8468,23311,城区  1.01,52162
20464,15655,城区  0.99,52164
23098,32531,城区  1.09,52166
9344,20807,城区  0.93,52168
8677,22095,城区  1.05,52170
1993,18735,城区  1.06,52172
15154,28355,城区  1.13,52174
7167,30723,城区  0.93,52176
3760,17022,城区  1.00,52178
6639,32506,城区  1.13,52180
6303,16426,城区  0.98,52182
24166,34828,城区  1.13,52184
20398,33938,城区  0.85,52186
9995,38039,城区  0.89,52188
5815,31691,城区  0.89,52190
10769,16551,城区  0.90,52192
2942,20261,城区  1.10,52194
24349,21038,城区  0.85,52196
12764,38075,城区  1.13,52198
1223,37227,城区  0.95,52200
7975,19211,城区  1.14,52202
14449,18508,城区  0.89,52204
17127,23622,城区  1.01,52206
22451,26039,城区  0.86,52208
16814,31731,城区  0.86,52210
22504,19985,城区  1.11,52212
20148,23306,城区  1.03,52214
11447,24723,城区  0.99,52216
23545,19764,城区  1.13,52218
2435,38112,城区  0.99,52220
2886,19595,城区  0.89,52222
14202,15090,城区  0.95,52224
6603,27098,城区  0.92,52226
14720,23678,城区  1.03,52228
21019,39262,城区  0.96,52230
3124,37671,城区  0.99,52232
3642,32593,城区  1.02,52234
11183,36238,城区  0.86,52236
18665,19123,城区  0.98,52238
11927,36335,城区  1.08,52240
21712,33618,城区  0.86,52242
3348,35955,城区  0.92,52244
9914,19349,城区  1.10,52246
1665,30399,城区  1.14,52248
5174,29596,城区  0.97,52250
15298,20927,城区  1.03,52252
1902,25996,城区  0.86,52254
4184,27471,城区  1.12,52256
20079,20013,城区  0.90,52258
24822,29731,城区  0.90,52260
23664,21645,城区  0.95,52262
22221,24166,城区  0.93,52264
21339,15881,城区  1.13,52266
14706,28367,城区  1.06,52268
6915,15529,城区  0.88,52270
12780,32231,城区  0.91,52272
6353,38754,城区  1.13,52274
10268,18563,城区  0.99,52276
5581,25883,城区  0.96,52278
13802,18460,城区  1.00,52280
23114,31017,城区  1.02,52282
3375,22782,城区  0.91,52284
19876,22422,城区  1.06,52286
21849,23617,城区  0.87,52288
19915,30205,城区  1.09,52290
10656,22719,城区  0.92,52292
17815,37911,城区  0.98,52294
5089,21075,城区  0.87,52296
6675,17233,城区  0.97,52298
1603,21889,城区  1.06,52300
9791,22278,城区  1.14,52302
17799,17522,城区  0.87,52304
6237,32555,城区  0.87,52306
62,16164,城区  1.10,52308
15431,19859,城区  1.09,52310
5043,33140,城区  1.00,52312
14679,27162,城区  1.08,52314
6247,31673,城区  1.11,52316
7738,21583,城区  1.06,52318
18812,29156,城区  0.85,52320
5332,20856,城区  1.10,52322
10715,33589,城区  0.94,52324
1419,39945,城区  0.96,52326
18071,21850,城区  0.87,52328
21966,17465,城区  0.89,52330
23431,20569,城区  1.12,52332
9961,20715,城区  1.05,52334
4057,35395,城区  1.09,52336
4607,31219,城区  0.87,52338
9978,21216,城区  0.99,52340
5572,15916,城区  1.08,52342
24441,19756,城区  1.04,52344
5569,25927,城区  0.99,52346
19194,20203,城区  1.11,52348
7539,21583,城区  0.92,52350
4770,31634,城区  1.14,52352
2739,34734,城区  1.00,52354
10823,21929,城区  1.01,52356
18311,38579,城区  1.14,52358
24255,34085,城区  1.14,52360
2447,18183,城区  0.92,52362
18165,17225,城区  1.08,52364
22668,25525,城区  0.91,52366
21039,29021,城区  1.10,52368
22417,19865,城区  1.10,52370
22542,28196,城区  1.14,52372
10526,29516,城区  0.95,52374
24364,27525,城区  0.98,52376
23850,28101,城区  1.03,52378
21864,29478,城区  1.08,52380
19826,20748,城区  0.95,52382
16703,25575,城区  1.11,52384
16869,32326,城区  1.14,52386
5571,19325,城区  0.96,52388
6662,33957,城区  0.87,52390
23303,26271,城区  0.88,52392
22936,18763,城区  0.90,52394
23334,38788,城区  0.98,52396
9715,15108,城区  1.09,52398
2090,38307,城区  0.85,52400
20175,15668,城区  1.02,52402
2002,19185,城区  1.07,52404
14449,19459,城区  0.99,52406
8090,37394,城区  0.95,52408
13941,23276,城区  1.09,52410
871,17557,城区  0.88,52412
3074,25677,城区  0.96,52414
8717,24765,城区  0.87,52416
5915,18815,城区  0.94,52418
1989,18348,城区  0.99,52420
7875,19205,城区  1.04,52422
20662,38387,城区  0.94,52424
15214,38948,城区  1.05,52426
14150,27517,城区  0.89,52428
22824,25783,城区  1.13,52430
10312,21648,城区  0.85,52432
14603,37068,城区  0.96,52434
15228,33931,城区  0.93,52436
3951,29407,城区  0.91,52438
6788,27720,城区  1.00,52440
12741,18515,城区  1.01,52442
9541,29509,城区  1.13,52444
6599,35001,城区  1.15,52446
11776,16775,城区  0.98,52448
24898,33911,城区  1.13,52450
9382,19305,城区  1.00,52452
15033,35802,城区  1.06,52454
15699,30348,城区  0.90,52456
9682,22520,城区  0.91,52458
22727,17127,城区  1.10,52460
19319,16621,城区  0.93,52462
11167,24287,城区  0.93,52464
17625,34135,城区  1.12,52466
10387,18293,城区  1.14,52468
7084,38168,城区  0.91,52470
3807,25392,城区  1.14,52472
5846,34258,城区  1.04,52474
24979,25230,城区  1.05,52476
6147,16361,城区  1.13,52478
6313,34713,城区  1.06,52480
12948,28830,城区  0.95,52482
14604,15832,城区  1.04,52484
17955,17787,城区  1.00,52486
5374,25366,城区  0.91,52488
16584,15974,城区  0.94,52490
2902,21774,城区  1.05,52492
5483,29189,城区  0.89,52494
24456,26763,城区  0.91,52496
15884,17244,城区  0.98,52498
5079,33138,城区  1.09,52500
19466,33989,城区  0.88,52502
2195,19822,城区  0.93,52504
7066,34686,城区  1.03,52506
9503,18438,城区  1.05,52508
649,19537,城区  0.93,52510
10359,17814,城区  0.88,52512
22828,21659,城区  0.88,52514
6357,39948,城区  1.02,52516
15484,37663,城区  1.08,52518
6837,23931,城区  1.11,52520
5523,31654,城区  1.07,52522
22755,17267,城区  1.01,52524
16078,19614,城区  1.13,52526
21912,22735,城区  0.96,52528
15798,20210,城区  1.06,52530
16702,37252,城区  0.94,52532
4428,16532,城区  0.98,52534
20599,34692,城区  1.03,52536
11253,21935,城区  0.87,52538
4857,23414,城区  0.95,52540
5580,20666,城区  0.94,52542
22057,15960,城区  0.91,52544
9917,27725,城区  0.89,52546
3866,37198,城区  1.08,52548
2775,21229,城区  1.13,52550
7711,16102,城区  1.09,52552
16054,35886,城区  1.04,52554
6132,24970,城区  0.87,52556
3332,18327,城区  0.97,52558
21416,31270,城区  0.97,52560
23082,28961,城区  0.86,52562
4967,30704,城区  0.85,52564
9678,17781,城区  1.01,52566
17561,21319,城区  0.97,52568
6584,31996,城区  0.85,52570
4806,38905,城区  1.09,52572
12568,37066,城区  0.85,52574
3420,38130,城区  0.89,52576
570,27106,城区  0.86,52578
24384,16091,城区  1.11,52580
10279,24557,城区  0.92,52582
9316,26562,城区  0.95,52584
6131,18190,城区  0.98,52586
17394,25783,城区  0.93,52588
6992,27662,城区  0.96,52590
17358,18595,城区  1.08,52592
22269,17975,城区  0.95,52594
13426,34359,城区  0.90,52596
7978,32407,城区  0.95,52598
16801,22632,城区  1.11,52600
13553,32317,城区  1.14,52602
10511,15499,城区  0.87,52604
12127,30913,城区  1.05,52606
13386,36296,城区  1.01,52608
6102,21698,城区  0.99,52610
1423,21541,城区  1.04,52612
4870,20428,城区  1.07,52614
8017,28603,城区  1.01,52616
3239,21645,城区  0.89,52618
7313,31891,城区  0.85,52620
14916,17764,城区  0.89,52622
9312,35384,城区  1.00,52624
21760,32347,城区  0.99,52626
19749,36637,城区  0.87,52628
7740,21440,城区  0.93,52630
4814,27698,城区  0.89,52632
5016,16007,城区  0.85,52634
5801,37823,城区  0.89,52636
18803,28445,城区  0.99,52638
7103,36636,城区  1.02,52640
2309,31116,城区  0.85,52642
16102,22160,城区  1.14,52644
14993,39867,城区  0.96,52646
3991,21946,城区  0.91,52648
12299,21561,城区  1.08,52650
1219,31827,城区  1.14,52652
3756,20790,城区  1.11,52654
5711,19586,城区  0.91,52656
582,30300,城区  1.05,52658
10024,38565,城区  1.09,52660
7543,33176,城区  1.04,52662
19007,16778,城区  0.92,52664
2954,30515,城区  0.97,52666
6477,34151,城区  0.96,52668
24002,17565,城区  1.11,52670
22381,26826,城区  1.05,52672
7288,27439,城区  1.13,52674
23140,20846,城区  0.89,52676
5090,22416,城区  0.95,52678
3197,20036,城区  1.10,52680
7339,21385,城区  1.11,52682
4357,27753,城区  1.06,52684
16779,28516,城区  1.12,52686
13673,19867,城区  0.98,52688
18979,23018,城区  1.03,52690
13497,33298,城区  1.12,52692
97348,22382,城区  1.11,52694
104675,23073,城区  1.00,52696
99593,32454,城区  0.95,52698
109513,23071,城区  0.93,52700
95500,32049,城区  1.12,52702
103889,31092,城区  1.05,52704
108195,22273,城区  1.01,52706
105600,33234,城区  1.05,52708
105747,26506,城区  0.99,52710
100512,28483,城区  1.01,52712
109938,20837,城区  0.93,52714
108870,22751,城区  1.08,52716
96692,26005,城区  1.13,52718
109285,34509,城区  0.98,52720
96322,33851,城区  1.04,52722
105175,23406,城区  1.00,52724
102936,29592,城区  0.93,52726
109832,33323,城区  0.93,52728
95320,21816,城区  0.99,52730
95660,25234,城区  1.06,52732
108045,23607,城区  1.09,52734
97994,21966,城区  1.13,52736
102994,33731,城区  0.94,52738
108561,30520,城区  0.92,52740
109825,32592,城区  0.92,52742
95641,34498,城区  0.91,52744
105979,22884,城区  0.93,52746
104167,32042,城区  1.04,52748
96857,33048,城区  0.92,52750
106897,34325,城区  0.99,52752
105541,28150,城区  0.94,52754
96730,30933,城区  0.91,52756
108278,29158,城区  0.90,52758
101654,26250,城区  1.04,52760
96507,25641,城区  1.02,52762
101957,34570,城区  0.89,52764
96265,27167,城区  0.96,52766
101968,22570,城区  1.06,52768
96583,33490,城区  0.86,52770
101181,33978,城区  1.08,52772
99205,21289,城区  1.02,52774
109550,31501,城区  1.13,52776
99544,30804,城区  1.13,52778
95589,21876,城区  0.89,52780
96350,31764,城区  1.06,52782
98334,20476,城区  1.01,52784
96040,28011,城区  0.95,52786
101240,20843,城区  1.14,52788
103360,28006,城区  1.09,52790
100148,30922,城区  1.07,52792
106100,26150,城区  0.97,52794
101028,33882,城区  0.98,52796
101330,32935,城区  1.04,52798
99353,23908,城区  1.02,52800
104244,29309,城区  0.89,52802
99213,32251,城区  1.12,52804
96548,23117,城区  1.04,52806
96535,25781,城区  1.12,52808
98598,31860,城区  0.93,52810
104783,22984,城区  0.99,52812
107781,25808,城区  0.96,52814
96562,22839,城区  1.00,52816
108749,22640,城区  0.96,52818
96953,24377,城区  0.96,52820
97546,23152,城区  0.99,52822
103521,22966,城区  1.11,52824
96535,31120,城区  1.14,52826
108054,29903,城区  0.89,52828
108867,20070,城区  0.98,52830
101405,34918,城区  1.05,52832
96166,27629,城区  0.94,52834
99830,31406,城区  1.11,52836
98111,30561,城区  1.05,52838
107265,22719,城区  1.10,52840
97806,22045,城区  1.03,52842
109445,25097,城区  1.05,52844
105211,20739,城区  0.87,52846
97756,22911,城区  1.14,52848
99488,29260,城区  1.03,52850
97563,24114,城区  1.15,52852
103022,22067,城区  0.89,52854
107387,20161,城区  1.11,52856
95862,33084,城区  1.02,52858
96148,21737,城区  0.98,52860
102319,23660,城区  1.08,52862
95227,23691,城区  0.91,52864
108031,29471,城区  1.04,52866
100841,28919,城区  1.12,52868
95507,20054,城区  1.09,52870
97549,29605,城区  1.10,52872
100292,30371,城区  0.89,52874
109846,27539,城区  0.99,52876
106345,22691,城区  1.03,52878
99347,31640,城区  0.88,52880
96875,23478,城区  0.92,52882
97581,21883,城区  1.11,52884
99319,23582,城区  1.14,52886
101834,20885,城区  0.97,52888
107268,20243,城区  0.93,52890
100020,21462,城区  0.87,52892
102466,24015,城区  1.01,52894
96904,28063,城区  0.88,52896
97770,31883,城区  1.04,52898
106051,25960,城区  0.90,52900
105753,24034,城区  1.02,52902
96377,26859,城区  0.88,52904
105459,20855,城区  1.08,52906
96345,28207,城区  1.14,52908
97147,34281,城区  0.99,52910
109317,32246,城区  1.06,52912
96226,24030,城区  0.88,52914
95471,22654,城区  1.08,52916
101673,28791,城区  1.12,52918
104469,20782,城区  0.88,52920
98060,32362,城区  1.09,52922
109653,33639,城区  1.02,52924
99174,31415,城区  0.86,52926
101254,27365,城区  0.88,52928
107850,33304,城区  0.95,52930
103404,30221,城区  1.08,52932
100261,28996,城区  1.13,52934
104685,21386,城区  1.04,52936
97974,20648,城区  1.06,52938
102524,26401,城区  0.92,52940
99035,26042,城区  0.93,52942
-1,-1 
