JZ 
101115,31249,Urban  0.95,50001
98962,25346,Urban  1.03,50002
106187,22559,Urban  1.11,50003
106775,31020,Urban  0.96,50004
103868,31163,Urban  1.04,50005
106236,21440,Urban  1.10,50006
104397,20658,Urban  0.94,50007
97118,34740,Urban  1.06,50008
97191,28246,Urban  0.87,50009
101688,32532,Urban  1.07,50010
96648,29782,Urban  0.98,50011
103226,32688,Urban  0.97,50012
107397,24202,Urban  0.89,50013
106412,20069,Urban  1.11,50014
107730,33395,Urban  0.93,50015
104499,21468,Urban  1.06,50016
95708,26076,Urban  1.06,50017
105956,34928,Urban  1.01,50018
101105,28564,Urban  1.06,50019
108396,34777,Urban  0.94,50020
96149,25177,Urban  0.86,50021
96823,20733,Urban  0.99,50022
100535,29639,Urban  0.87,50023
103997,25031,Urban  0.99,50024
99430,21245,Urban  1.10,50025
109589,29568,Urban  0.96,50026
109342,32016,Urban  0.89,50027
106231,22405,Urban  0.99,50028
105617,29989,Urban  1.12,50029
95631,26923,Urban  1.01,50030
98079,30023,Urban  1.03,50031
109831,23583,Urban  1.02,50032
107885,34691,Urban  1.13,50033
107919,23674,Urban  1.04,50034
105766,21787,Urban  1.07,50035
99030,27800,Urban  1.13,50036
109172,32329,Urban  0.92,50037
97497,33647,Urban  0.92,50038
96208,30301,Urban  1.10,50039
104192,28536,Urban  0.91,50040
96262,28305,Urban  0.95,50041
96464,21080,Urban  0.91,50042
107656,30618,Urban  1.12,50043
108723,24695,Urban  0.91,50044
98468,20132,Urban  0.94,50045
109805,22150,Urban  0.99,50046
95270,27451,Urban  1.10,50047
99065,34538,Urban  1.04,50048
99023,34177,Urban  1.03,50049
107934,23375,Urban  0.98,50050
109665,20374,Urban  0.99,50051
97097,23438,Urban  1.12,50052
101250,33136,Urban  0.87,50053
96067,33015,Urban  1.13,50054
105272,34633,Urban  1.01,50055
96929,30331,Urban  0.99,50056
104229,28775,Urban  0.93,50057
100326,25683,Urban  0.86,50058
97499,30021,Urban  0.95,50059
96872,24116,Urban  0.96,50060
104508,25388,Urban  1.04,50061
95330,20686,Urban  0.93,50062
108527,32185,Urban  0.89,50063
100771,31916,Urban  1.14,50064
97576,30914,Urban  0.95,50065
96052,22063,Urban  1.11,50066
97299,29080,Urban  0.94,50067
107358,31011,Urban  1.12,50068
98244,30905,Urban  0.90,50069
104313,28691,Urban  0.87,50070
104172,31845,Urban  1.04,50071
106277,22674,Urban  1.02,50072
99907,31904,Urban  0.88,50073
97608,33951,Urban  1.02,50074
103584,23261,Urban  0.88,50075
97106,27763,Urban  1.02,50076
101193,34374,Urban  0.91,50077
101169,31818,Urban  1.11,50078
96769,31557,Urban  1.08,50079
108969,23116,Urban  0.97,50080
102215,30633,Urban  1.04,50081
95508,25449,Urban  1.04,50082
95760,22717,Urban  1.00,50083
109905,21710,Urban  0.94,50084
100635,27325,Urban  0.95,50085
103574,26762,Urban  0.99,50086
97317,23964,Urban  0.86,50087
95125,29737,Urban  0.86,50088
105807,22441,Urban  0.92,50089
108225,28789,Urban  0.93,50090
105324,28726,Urban  0.89,50091
99556,21707,Urban  0.92,50092
109617,22470,Urban  1.09,50093
103996,21872,Urban  0.90,50094
106211,24938,Urban  0.87,50095
95413,32954,Urban  1.08,50096
95499,27401,Urban  1.03,50097
100010,29522,Urban  1.01,50098
109489,23976,Urban  1.04,50099
104054,26733,Urban  1.14,50100
97188,20921,Urban  1.10,50101
103198,26611,Urban  1.05,50102
103513,23122,Urban  1.07,50103
104621,24146,Urban  0.89,50104
102975,21844,Urban  1.10,50105
109558,22403,Urban  1.03,50106
98280,27441,Urban  0.85,50107
107488,21363,Urban  1.06,50108
101579,30798,Urban  0.94,50109
99862,22264,Urban  0.87,50110
106803,21027,Urban  0.99,50111
101258,24563,Urban  1.06,50112
109243,30908,Urban  0.98,50113
101024,21996,Urban  1.00,50114
96797,28482,Urban  1.11,50115
101254,24265,Urban  0.94,50116
108631,27639,Urban  0.99,50117
101130,30661,Urban  0.88,50118
109640,20000,Urban  1.04,50119
106544,29482,Urban  1.08,50120
106275,21644,Urban  0.98,50121
104808,20599,Urban  0.99,50122
99521,32594,Urban  1.04,50123
104145,25163,Urban  0.92,50124
102095,21819,Urban  0.93,50125
7643,33168,Urban  1.02,50126
369,17906,Urban  0.94,50127
18899,20839,Urban  0.97,50128
6495,37061,Urban  0.97,50129
5065,20971,Urban  0.97,50130
146,36553,Urban  0.87,50131
23454,24303,Urban  0.89,50132
3555,22067,Urban  0.89,50133
16206,26976,Urban  1.04,50134
23247,29427,Urban  1.08,50135
18897,37352,Urban  0.94,50136
3146,24660,Urban  0.90,50137
8683,16369,Urban  1.01,50138
21304,20124,Urban  1.13,50139
12715,18761,Urban  0.89,50140
923,22238,Urban  1.11,50141
19093,35048,Urban  0.89,50142
13740,35331,Urban  0.99,50143
21404,29805,Urban  0.98,50144
1364,21432,Urban  0.97,50145
984,25312,Urban  0.92,50146
13752,34941,Urban  0.90,50147
12079,32870,Urban  1.05,50148
23783,18023,Urban  0.98,50149
24365,28466,Urban  0.87,50150
11767,20429,Urban  0.87,50151
3731,37132,Urban  0.92,50152
1114,35055,Urban  0.91,50153
1289,37577,Urban  0.98,50154
4203,39402,Urban  1.14,50155
6473,18797,Urban  1.02,50156
7310,16908,Urban  0.93,50157
23367,16167,Urban  0.93,50158
20731,15945,Urban  0.97,50159
5959,16589,Urban  0.87,50160
6539,37080,Urban  0.85,50161
3953,21081,Urban  1.08,50162
17253,32435,Urban  0.93,50163
10862,24615,Urban  1.14,50164
6346,18078,Urban  0.92,50165
6474,30489,Urban  1.05,50166
646,25218,Urban  0.98,50167
20592,33564,Urban  1.03,50168
3163,22856,Urban  1.07,50169
6046,15540,Urban  1.12,50170
784,34359,Urban  1.11,50171
7142,29244,Urban  1.03,50172
23664,37806,Urban  1.02,50173
7078,18492,Urban  0.87,50174
4204,20870,Urban  1.11,50175
9464,22716,Urban  0.99,50176
11506,19607,Urban  0.92,50177
21054,24142,Urban  0.93,50178
1081,16606,Urban  0.90,50179
7589,29783,Urban  1.09,50180
18315,30308,Urban  0.98,50181
21152,32294,Urban  0.89,50182
22020,36475,Urban  1.08,50183
24884,20432,Urban  0.93,50184
868,21778,Urban  1.08,50185
13045,17098,Urban  0.95,50186
7584,17470,Urban  1.13,50187
1644,17407,Urban  1.03,50188
7615,21328,Urban  1.10,50189
6042,30293,Urban  1.11,50190
3583,34767,Urban  1.14,50191
9745,26394,Urban  1.10,50192
16672,38377,Urban  1.02,50193
3033,17669,Urban  0.99,50194
3434,20560,Urban  0.93,50195
855,16823,Urban  0.94,50196
13776,31115,Urban  1.00,50197
450,17919,Urban  1.09,50198
7310,19645,Urban  1.13,50199
19083,19231,Urban  1.07,50200
4139,38208,Urban  1.06,50201
11337,18282,Urban  1.05,50202
13328,19274,Urban  0.87,50203
18854,35892,Urban  1.00,50204
18995,30036,Urban  1.06,50205
344,22585,Urban  1.14,50206
6379,31508,Urban  1.11,50207
3381,16806,Urban  1.03,50208
9356,32104,Urban  1.02,50209
14360,34214,Urban  1.10,50210
112,16300,Urban  0.89,50211
18423,21051,Urban  0.96,50212
6434,29214,Urban  1.02,50213
18211,19331,Urban  1.04,50214
6437,17449,Urban  0.86,50215
5557,17302,Urban  0.87,50216
17216,30725,Urban  1.01,50217
2916,23522,Urban  1.06,50218
13057,33430,Urban  1.06,50219
22960,26283,Urban  0.96,50220
23506,21023,Urban  1.06,50221
18851,37265,Urban  1.12,50222
15703,25315,Urban  1.09,50223
17991,28856,Urban  0.97,50224
6301,30608,Urban  1.09,50225
14435,26606,Urban  1.12,50226
6489,20942,Urban  0.96,50227
6208,15565,Urban  0.94,50228
6046,18457,Urban  0.95,50229
19589,20098,Urban  1.08,50230
7024,18252,Urban  0.96,50231
23864,23207,Urban  0.98,50232
12249,20693,Urban  0.89,50233
7242,22715,Urban  1.08,50234
16881,29004,Urban  0.89,50235
11909,32273,Urban  1.11,50236
7556,28818,Urban  0.97,50237
1501,31314,Urban  0.95,50238
13402,17501,Urban  1.11,50239
1219,32997,Urban  0.93,50240
2971,17100,Urban  1.02,50241
958,19935,Urban  1.07,50242
1813,18465,Urban  0.98,50243
29,38210,Urban  1.04,50244
6564,16814,Urban  1.11,50245
17805,16825,Urban  0.98,50246
10388,15665,Urban  0.94,50247
6958,16999,Urban  0.94,50248
3598,39009,Urban  1.03,50249
12366,18195,Urban  1.07,50250
19190,22225,Urban  1.14,50251
2999,37807,Urban  1.11,50252
12998,32057,Urban  1.07,50253
21057,24403,Urban  1.10,50254
15426,35462,Urban  0.91,50255
23555,29445,Urban  0.87,50256
14363,24934,Urban  1.04,50257
16141,16909,Urban  1.04,50258
2786,35839,Urban  1.11,50259
11201,17579,Urban  0.86,50260
14804,19200,Urban  0.91,50261
14197,16761,Urban  1.15,50262
12898,39049,Urban  1.01,50263
16785,26221,Urban  1.03,50264
17038,15094,Urban  0.96,50265
7843,20640,Urban  0.91,50266
19561,21535,Urban  0.88,50267
4634,20747,Urban  1.04,50268
1970,19159,Urban  1.12,50269
10931,35333,Urban  1.12,50270
503,26033,Urban  0.85,50271
7859,19080,Urban  0.89,50272
1006,30970,Urban  1.04,50273
7298,20465,Urban  0.95,50274
14560,24243,Urban  0.95,50275
6055,29357,Urban  1.10,50276
13579,17530,Urban  1.11,50277
2744,25927,Urban  0.88,50278
14728,22593,Urban  1.01,50279
6573,16721,Urban  0.96,50280
12359,20245,Urban  1.11,50281
3091,38907,Urban  1.07,50282
18656,32113,Urban  0.91,50283
3609,22085,Urban  0.85,50284
10556,33383,Urban  0.87,50285
19701,37397,Urban  0.88,50286
4344,19472,Urban  1.03,50287
24412,26043,Urban  1.10,50288
3698,21250,Urban  0.95,50289
23600,16810,Urban  0.86,50290
7709,29121,Urban  0.99,50291
4387,22319,Urban  1.02,50292
23145,33632,Urban  1.12,50293
15120,16636,Urban  0.93,50294
21837,21971,Urban  1.01,50295
17582,26410,Urban  1.12,50296
10345,23859,Urban  0.93,50297
6913,22537,Urban  1.03,50298
14129,35393,Urban  1.09,50299
4094,37467,Urban  1.06,50300
773,25652,Urban  0.88,50301
99,19826,Urban  1.02,50302
11171,16751,Urban  0.86,50303
14371,15254,Urban  0.94,50304
6646,17130,Urban  0.99,50305
5058,18646,Urban  1.09,50306
6369,36931,Urban  1.10,50307
3886,18610,Urban  1.10,50308
6564,18677,Urban  0.98,50309
1914,17318,Urban  1.06,50310
1337,28330,Urban  1.11,50311
852,15542,Urban  0.92,50312
23139,36786,Urban  1.00,50313
946,17130,Urban  1.12,50314
4301,34124,Urban  0.99,50315
19300,25244,Urban  1.05,50316
2092,18537,Urban  0.88,50317
10135,16460,Urban  1.04,50318
2305,26841,Urban  1.03,50319
23659,33937,Urban  1.09,50320
6673,15956,Urban  1.04,50321
16420,21524,Urban  0.89,50322
24674,20205,Urban  0.88,50323
5284,38035,Urban  0.91,50324
23381,36090,Urban  1.09,50325
8751,17892,Urban  0.99,50326
8466,21113,Urban  0.99,50327
18341,39316,Urban  1.08,50328
17379,19245,Urban  0.94,50329
4623,29173,Urban  1.09,50330
10754,31883,Urban  1.10,50331
6087,21303,Urban  0.92,50332
2255,26312,Urban  1.06,50333
3781,36114,Urban  1.02,50334
7151,21232,Urban  0.97,50335
18646,29129,Urban  1.11,50336
4746,17196,Urban  0.92,50337
5080,39299,Urban  1.01,50338
4896,17065,Urban  0.91,50339
5713,15578,Urban  0.98,50340
8290,29916,Urban  1.04,50341
24748,29510,Urban  0.90,50342
18655,33739,Urban  1.00,50343
827,20476,Urban  1.01,50344
8409,22487,Urban  0.93,50345
3716,26321,Urban  0.85,50346
20847,20371,Urban  0.92,50347
14394,17739,Urban  0.87,50348
15501,26709,Urban  0.89,50349
1023,25715,Urban  1.13,50350
12949,38457,Urban  0.93,50351
4511,20287,Urban  1.12,50352
6256,28653,Urban  0.92,50353
3904,19947,Urban  0.87,50354
5578,18514,Urban  0.86,50355
4919,16230,Urban  1.02,50356
17041,21565,Urban  1.10,50357
2562,22689,Urban  0.87,50358
21735,20268,Urban  1.06,50359
16272,32357,Urban  0.99,50360
23412,29475,Urban  1.00,50361
13604,19461,Urban  0.98,50362
4242,18389,Urban  1.09,50363
2919,18224,Urban  0.97,50364
6149,38739,Urban  0.96,50365
13992,30045,Urban  1.08,50366
18441,19677,Urban  1.09,50367
6457,35720,Urban  0.92,50368
9155,19289,Urban  1.09,50369
24594,18163,Urban  0.99,50370
5206,21260,Urban  0.97,50371
23624,21429,Urban  1.15,50372
6811,23801,Urban  1.06,50373
3454,17150,Urban  1.04,50374
17842,38310,Urban  0.91,50375
7112,32645,Urban  1.06,50376
6778,32708,Urban  0.88,50377
6113,31919,Urban  0.93,50378
13188,30741,Urban  1.11,50379
9178,39980,Urban  0.90,50380
22359,36677,Urban  1.04,50381
14340,23808,Urban  0.95,50382
23708,32135,Urban  1.01,50383
22536,35197,Urban  0.90,50384
1553,15980,Urban  1.07,50385
54,33497,Urban  1.00,50386
21419,27858,Urban  1.11,50387
17513,17200,Urban  0.90,50388
14869,24634,Urban  0.99,50389
19033,16554,Urban  1.05,50390
13318,17388,Urban  0.88,50391
13702,23124,Urban  1.05,50392
6547,21509,Urban  0.99,50393
1183,22064,Urban  0.96,50394
6811,15607,Urban  0.92,50395
10094,19151,Urban  1.13,50396
13642,27886,Urban  0.94,50397
17134,38602,Urban  0.89,50398
24371,37515,Urban  1.07,50399
3166,36915,Urban  0.98,50400
15392,15800,Urban  0.90,50401
1064,31260,Urban  1.07,50402
2537,36678,Urban  0.95,50403
14516,22820,Urban  1.13,50404
2791,20235,Urban  0.93,50405
16319,29414,Urban  0.87,50406
16618,21225,Urban  1.11,50407
8213,20576,Urban  1.04,50408
18613,21009,Urban  1.04,50409
7545,18045,Urban  0.91,50410
10862,33972,Urban  0.96,50411
20445,23934,Urban  0.89,50412
3459,32336,Urban  1.09,50413
19840,27755,Urban  0.87,50414
7502,15388,Urban  0.88,50415
21191,15107,Urban  0.96,50416
3425,23313,Urban  0.93,50417
17492,36731,Urban  1.06,50418
18374,34283,Urban  0.90,50419
2100,19497,Urban  1.01,50420
4056,33295,Urban  0.91,50421
9492,26152,Urban  0.90,50422
1445,30657,Urban  1.11,50423
18080,21616,Urban  1.09,50424
3256,18276,Urban  0.98,50425
8313,17095,Urban  1.06,50426
15316,24776,Urban  0.96,50427
12922,31562,Urban  1.00,50428
668,29359,Urban  0.97,50429
14613,26066,Urban  1.03,50430
6987,22109,Urban  0.90,50431
20324,27010,Urban  1.14,50432
13506,30090,Urban  1.13,50433
3348,32758,Urban  1.03,50434
19002,21557,Urban  0.93,50435
24020,30733,Urban  1.10,50436
2719,19242,Urban  0.85,50437
4945,31615,Urban  0.85,50438
959,25829,Urban  1.02,50439
13290,37437,Urban  0.98,50440
18187,27991,Urban  0.95,50441
6044,20267,Urban  0.89,50442
3044,21575,Urban  1.02,50443
20954,35361,Urban  1.04,50444
14345,35471,Urban  1.11,50445
585,22405,Urban  0.88,50446
13275,25425,Urban  0.92,50447
16282,19937,Urban  0.89,50448
6107,26997,Urban  1.02,50449
14075,21196,Urban  0.87,50450
2260,19918,Urban  1.13,50451
8143,18233,Urban  0.99,50452
13779,17366,Urban  0.93,50453
5810,22675,Urban  1.01,50454
5374,19114,Urban  1.13,50455
9205,24171,Urban  1.09,50456
10077,20279,Urban  0.97,50457
3946,28345,Urban  1.14,50458
11252,27682,Urban  1.07,50459
19917,21731,Urban  1.08,50460
4075,18352,Urban  0.93,50461
3918,15084,Urban  1.12,50462
22667,27210,Urban  1.12,50463
10764,17709,Urban  0.91,50464
1913,16485,Urban  1.15,50465
20533,18810,Urban  1.04,50466
3586,24146,Urban  0.89,50467
3736,33874,Urban  1.04,50468
691,25967,Urban  1.07,50469
24242,16361,Urban  1.11,50470
23401,15698,Urban  1.01,50471
13317,36571,Urban  0.99,50472
87068,2453,Urban  1.10,50473
90409,16672,Urban  0.91,50474
109085,5605,Urban  0.87,50475
84969,2741,Urban  0.91,50476
101472,5216,Urban  1.00,50477
98488,4902,Urban  0.91,50478
86531,15843,Urban  0.93,50479
83739,15407,Urban  0.90,50480
92196,9878,Urban  0.93,50481
91819,5417,Urban  0.91,50482
85763,12435,Urban  0.87,50483
109915,4008,Urban  1.14,50484
96893,11783,Urban  1.02,50485
108172,10146,Urban  0.97,50486
92616,9801,Urban  1.10,50487
84765,10604,Urban  0.85,50488
96375,5150,Urban  1.08,50489
102890,2127,Urban  0.95,50490
106293,4419,Urban  1.11,50491
83327,18648,Urban  0.94,50492
107696,5713,Urban  1.02,50493
80313,6137,Urban  0.86,50494
80506,11801,Urban  1.12,50495
85741,3124,Urban  0.90,50496
86324,1355,Urban  0.98,50497
87562,12552,Urban  1.01,50498
100983,14309,Urban  1.00,50499
106769,14737,Urban  1.02,50500
103322,2905,Urban  0.92,50501
99131,7395,Urban  0.89,50502
86432,5264,Urban  0.97,50503
92160,8196,Urban  0.95,50504
100191,5235,Urban  0.99,50505
108065,8493,Urban  0.90,50506
94675,19199,Urban  1.04,50507
101026,11650,Urban  1.10,50508
80513,10829,Urban  0.98,50509
97700,4061,Urban  0.86,50510
101030,14941,Urban  0.89,50511
97378,10717,Urban  1.02,50512
106591,1311,Urban  1.04,50513
84668,9373,Urban  0.92,50514
107285,7818,Urban  0.96,50515
99351,1214,Urban  1.07,50516
108239,17136,Urban  1.12,50517
91770,5957,Urban  1.09,50518
91706,612,Urban  0.97,50519
107569,4835,Urban  1.01,50520
84353,5865,Urban  0.86,50521
100185,665,Urban  0.99,50522
91214,6164,Urban  1.15,50523
102438,635,Urban  1.05,50524
81811,1337,Urban  0.99,50525
82374,4768,Urban  1.06,50526
103392,11259,Urban  0.93,50527
88863,1471,Urban  0.99,50528
106356,12036,Urban  0.92,50529
102380,5799,Urban  0.93,50530
102227,1918,Urban  1.03,50531
84958,1844,Urban  0.97,50532
103677,8208,Urban  0.99,50533
93380,15222,Urban  1.07,50534
84637,6959,Urban  0.88,50535
98802,12703,Urban  0.98,50536
99788,2610,Urban  0.87,50537
85596,1713,Urban  1.14,50538
81213,11037,Urban  1.01,50539
88094,19848,Urban  1.13,50540
81892,8918,Urban  0.90,50541
101223,12691,Urban  0.85,50542
81021,2942,Urban  0.89,50543
80598,1939,Urban  1.14,50544
102018,1613,Urban  0.98,50545
96261,11718,Urban  0.93,50546
98793,10363,Urban  1.00,50547
103195,4731,Urban  1.07,50548
86337,8603,Urban  0.86,50549
83412,2565,Urban  0.89,50550
104974,12444,Urban  0.91,50551
87240,5424,Urban  0.86,50552
94577,833,Urban  0.86,50553
95030,18166,Urban  0.90,50554
82503,1333,Urban  1.01,50555
106972,16498,Urban  1.15,50556
86451,19080,Urban  0.99,50557
87524,9890,Urban  0.88,50558
108004,656,Urban  0.92,50559
108858,8911,Urban  1.07,50560
103384,19598,Urban  1.04,50561
101555,1816,Urban  1.00,50562
88525,156,Urban  1.03,50563
84415,12506,Urban  0.93,50564
86267,9077,Urban  1.07,50565
91301,9250,Urban  0.91,50566
88086,19606,Urban  1.03,50567
94580,17356,Urban  1.12,50568
106460,2889,Urban  0.88,50569
97586,6533,Urban  1.05,50570
94739,13110,Urban  1.00,50571
104948,12192,Urban  1.07,50572
99711,1745,Urban  1.01,50573
82599,17503,Urban  0.93,50574
102846,4765,Urban  0.98,50575
101919,7017,Urban  0.98,50576
109573,7610,Urban  1.05,50577
81632,8092,Urban  0.97,50578
102966,2141,Urban  1.03,50579
91391,3767,Urban  1.01,50580
97226,3712,Urban  0.88,50581
80450,794,Urban  0.88,50582
90235,19816,Urban  0.96,50583
89594,3339,Urban  1.00,50584
94911,12733,Urban  1.11,50585
81323,287,Urban  1.01,50586
90216,10493,Urban  1.07,50587
100921,18839,Urban  0.86,50588
87561,9078,Urban  0.89,50589
103196,9943,Urban  1.03,50590
86512,14224,Urban  1.04,50591
94039,8474,Urban  0.96,50592
104921,11619,Urban  0.89,50593
104119,6386,Urban  0.94,50594
81260,10520,Urban  0.88,50595
102221,14522,Urban  1.01,50596
105357,3903,Urban  0.99,50597
80517,13949,Urban  0.88,50598
87876,8958,Urban  1.08,50599
98716,1827,Urban  1.13,50600
100871,10352,Urban  0.99,50601
84475,4065,Urban  0.95,50602
80397,17956,Urban  0.91,50603
100797,1792,Urban  1.01,50604
104525,3929,Urban  1.02,50605
83150,12506,Urban  1.13,50606
80034,9491,Urban  0.98,50607
87749,6840,Urban  0.87,50608
87650,10397,Urban  1.13,50609
91043,8888,Urban  0.89,50610
81590,16841,Urban  0.93,50611
88156,3018,Urban  0.94,50612
85091,3413,Urban  0.88,50613
82475,1531,Urban  0.90,50614
104633,12482,Urban  0.99,50615
87263,12492,Urban  0.87,50616
81588,214,Urban  0.87,50617
104350,7435,Urban  1.10,50618
92889,10918,Urban  0.96,50619
109779,8513,Urban  1.01,50620
93068,4892,Urban  0.99,50621
87366,10038,Urban  0.96,50622
100411,8658,Urban  1.04,50623
96141,601,Urban  0.94,50624
98542,11643,Urban  0.99,50625
93263,16206,Urban  1.10,50626
108154,7818,Urban  1.13,50627
91423,9486,Urban  0.90,50628
93354,10662,Urban  1.07,50629
83662,6626,Urban  0.99,50630
108896,17695,Urban  1.03,50631
102789,10428,Urban  0.94,50632
89284,3552,Urban  1.00,50633
81934,10172,Urban  0.87,50634
99043,11421,Urban  1.02,50635
81887,10017,Urban  1.09,50636
108868,9667,Urban  1.01,50637
108578,10075,Urban  0.92,50638
90978,3128,Urban  1.02,50639
89617,14166,Urban  0.91,50640
85774,11503,Urban  0.98,50641
106151,9874,Urban  0.95,50642
82160,10391,Urban  0.94,50643
106441,973,Urban  1.11,50644
101635,8244,Urban  0.96,50645
86232,5729,Urban  0.90,50646
108032,18816,Urban  1.11,50647
90768,7595,Urban  0.85,50648
98136,3426,Urban  0.90,50649
91864,5395,Urban  0.99,50650
108162,11494,Urban  1.04,50651
82244,168,Urban  1.09,50652
87349,12433,Urban  1.01,50653
109626,4280,Urban  0.94,50654
81149,12048,Urban  0.87,50655
106484,3141,Urban  0.91,50656
97424,10252,Urban  1.02,50657
81877,17187,Urban  0.88,50658
99870,7402,Urban  1.13,50659
92109,13,Urban  0.99,50660
90187,12451,Urban  0.89,50661
87750,4647,Urban  1.01,50662
81521,10961,Urban  0.92,50663
103492,17648,Urban  1.00,50664
103564,4240,Urban  1.04,50665
89797,9934,Urban  0.94,50666
97869,7130,Urban  0.93,50667
97668,19260,Urban  0.87,50668
101725,11048,Urban  1.13,50669
101292,9883,Urban  1.03,50670
84021,1380,Urban  0.91,50671
101402,6397,Urban  1.00,50672
80772,6726,Urban  1.12,50673
105540,7105,Urban  0.91,50674
92972,12031,Urban  1.01,50675
82398,11606,Urban  1.13,50676
109475,18324,Urban  1.03,50677
90705,12707,Urban  0.92,50678
94088,2428,Urban  0.91,50679
82980,4609,Urban  0.96,50680
99218,11260,Urban  1.15,50681
88544,13006,Urban  1.08,50682
108315,8886,Urban  1.03,50683
86819,9476,Urban  1.09,50684
96763,9965,Urban  0.99,50685
89040,3444,Urban  0.94,50686
92270,2176,Urban  0.87,50687
88741,5812,Urban  1.10,50688
107575,1232,Urban  1.03,50689
82543,4458,Urban  0.96,50690
91712,17936,Urban  0.94,50691
100336,2511,Urban  1.04,50692
82232,11949,Urban  1.02,50693
82038,9285,Urban  0.86,50694
89918,12524,Urban  1.05,50695
102643,9845,Urban  0.87,50696
102871,8440,Urban  1.03,50697
104822,4880,Urban  1.03,50698
107011,10323,Urban  1.04,50699
104628,5703,Urban  1.14,50700
81295,10817,Urban  1.13,50701
85315,9969,Urban  0.87,50702
106834,16878,Urban  0.88,50703
89336,11107,Urban  1.11,50704
107833,6140,Urban  1.14,50705
97489,318,Urban  0.87,50706
103570,9849,Urban  1.02,50707
104756,8223,Urban  0.92,50708
80442,17198,Urban  1.05,50709
80958,1850,Urban  0.93,50710
90249,18316,Urban  1.09,50711
84659,18596,Urban  0.94,50712
86794,6873,Urban  0.99,50713
106000,7253,Urban  0.92,50714
83036,18606,Urban  0.88,50715
82441,365,Urban  1.07,50716
91351,13641,Urban  0.89,50717
89056,5603,Urban  1.02,50718
100039,6523,Urban  0.87,50719
80007,1280,Urban  0.96,50720
95066,12638,Urban  0.97,50721
93702,15131,Urban  0.87,50722
106392,8628,Urban  1.01,50723
100894,16108,Urban  0.92,50724
86776,8028,Urban  0.88,50725
104629,10803,Urban  0.87,50726
104817,1383,Urban  0.95,50727
107177,18020,Urban  0.87,50728
104732,8145,Urban  1.06,50729
87930,218,Urban  1.07,50730
108478,1248,Urban  0.92,50731
102453,6556,Urban  0.86,50732
87763,5766,Urban  1.07,50733
97985,8439,Urban  0.89,50734
109811,6416,Urban  1.12,50735
90308,7746,Urban  1.01,50736
96680,3017,Urban  0.92,50737
87208,5696,Urban  1.07,50738
109834,19708,Urban  0.88,50739
87138,6846,Urban  0.97,50740
93889,7993,Urban  0.87,50741
109831,10910,Urban  0.90,50742
92220,11177,Urban  1.12,50743
88918,9261,Urban  0.97,50744
91194,3859,Urban  0.92,50745
87230,19871,Urban  1.03,50746
104958,11173,Urban  0.93,50747
82316,17787,Urban  0.88,50748
83137,11964,Urban  1.09,50749
88129,8892,Urban  1.08,50750
104510,3961,Urban  1.13,50751
81426,8544,Urban  1.12,50752
84338,8495,Urban  1.03,50753
94562,9997,Urban  0.89,50754
85726,9229,Urban  0.88,50755
100081,19260,Urban  1.03,50756
81396,840,Urban  0.99,50757
108637,16138,Urban  1.14,50758
86897,699,Urban  1.01,50759
96382,3350,Urban  0.86,50760
86739,2386,Urban  0.97,50761
95273,1443,Urban  0.86,50762
101684,696,Urban  1.05,50763
82337,7281,Urban  0.87,50764
104992,3341,Urban  0.87,50765
91644,1762,Urban  1.10,50766
109903,3712,Urban  0.87,50767
80789,5936,Urban  1.13,50768
100935,4899,Urban  1.08,50769
109599,8640,Urban  0.95,50770
95052,18017,Urban  0.87,50771
95744,10061,Urban  0.96,50772
107311,11725,Urban  0.99,50773
96243,4934,Urban  1.01,50774
96727,2634,Urban  1.11,50775
93988,949,Urban  0.98,50776
102808,8385,Urban  1.08,50777
103235,6277,Urban  0.97,50778
100279,10421,Urban  1.09,50779
88391,486,Urban  0.86,50780
93360,11326,Urban  1.11,50781
80796,9816,Urban  1.11,50782
106764,8593,Urban  1.06,50783
104799,2315,Urban  0.91,50784
92662,1562,Urban  1.09,50785
82954,6297,Urban  1.09,50786
87242,8340,Urban  1.10,50787
92929,5911,Urban  1.12,50788
107347,19498,Urban  1.09,50789
93252,6753,Urban  1.12,50790
98933,10560,Urban  0.86,50791
87435,4417,Urban  0.91,50792
84853,627,Urban  1.01,50793
81626,19428,Urban  1.04,50794
103454,1077,Urban  1.12,50795
89744,7136,Urban  0.99,50796
93295,8880,Urban  0.91,50797
97485,6476,Urban  1.09,50798
92317,17719,Urban  1.11,50799
107907,14407,Urban  1.12,50800
101518,2532,Urban  0.94,50801
98191,9302,Urban  0.99,50802
92688,7264,Urban  1.09,50803
87207,8707,Urban  1.15,50804
87421,1763,Urban  0.93,50805
12428,12338,Urban  1.14,50806
21523,9009,Urban  1.12,50807
23221,13714,Urban  1.00,50808
24860,11515,Urban  0.87,50809
10871,11103,Urban  0.88,50810
30912,13492,Urban  1.00,50811
11343,462,Urban  0.93,50812
6940,4935,Urban  0.88,50813
16601,4942,Urban  1.11,50814
28906,10917,Urban  0.91,50815
27045,3643,Urban  1.09,50816
17375,3871,Urban  1.10,50817
9176,8790,Urban  1.07,50818
7572,7337,Urban  1.00,50819
15973,1565,Urban  0.98,50820
6798,14393,Urban  0.97,50821
23748,2481,Urban  0.95,50822
26423,12982,Urban  1.09,50823
22631,6143,Urban  1.14,50824
15098,6604,Urban  1.08,50825
16998,2565,Urban  0.93,50826
2485,4269,Urban  0.91,50827
13336,5864,Urban  0.85,50828
7735,12302,Urban  0.97,50829
14476,11949,Urban  1.07,50830
28823,3245,Urban  0.87,50831
12839,4830,Urban  1.07,50832
24950,932,Urban  0.89,50833
1744,10977,Urban  0.91,50834
8078,2713,Urban  1.02,50835
25198,14647,Urban  0.88,50836
28451,3825,Urban  0.89,50837
21160,6603,Urban  0.90,50838
25385,5244,Urban  1.14,50839
12322,1182,Urban  0.93,50840
26175,1890,Urban  0.99,50841
2226,964,Urban  0.86,50842
17874,8611,Urban  0.90,50843
23358,8507,Urban  0.89,50844
23550,2192,Urban  0.93,50845
16704,6976,Urban  1.09,50846
1294,5587,Urban  0.99,50847
27436,9287,Urban  1.08,50848
21412,3422,Urban  1.07,50849
27682,13149,Urban  0.88,50850
757,13140,Urban  1.12,50851
1717,12215,Urban  1.01,50852
2204,4342,Urban  1.12,50853
20403,985,Urban  0.89,50854
28654,14141,Urban  1.12,50855
23850,6926,Urban  1.01,50856
26329,5558,Urban  1.04,50857
10022,10157,Urban  0.89,50858
10415,1537,Urban  0.88,50859
3283,9768,Urban  0.94,50860
19825,880,Urban  0.89,50861
27665,380,Urban  1.06,50862
1140,8098,Urban  1.03,50863
12951,13517,Urban  0.99,50864
30583,4385,Urban  0.98,50865
5945,11713,Urban  1.12,50866
3967,5708,Urban  1.07,50867
3821,13539,Urban  1.08,50868
10008,12057,Urban  0.86,50869
25760,1809,Urban  0.90,50870
28111,4284,Urban  1.04,50871
27650,12687,Urban  1.08,50872
28408,1349,Urban  1.10,50873
26316,1693,Urban  1.14,50874
25123,4010,Urban  0.98,50875
12587,902,Urban  1.04,50876
13774,2080,Urban  1.05,50877
30041,10379,Urban  0.89,50878
13617,10260,Urban  1.05,50879
20364,111,Urban  1.01,50880
20542,12488,Urban  1.00,50881
17089,4261,Urban  1.07,50882
31011,980,Urban  1.00,50883
29705,14875,Urban  0.96,50884
19702,7743,Urban  0.94,50885
9578,4994,Urban  1.09,50886
25938,10445,Urban  1.02,50887
10861,1504,Urban  1.11,50888
20235,1464,Urban  1.05,50889
24560,9028,Urban  0.96,50890
17990,6385,Urban  0.91,50891
24024,1178,Urban  0.93,50892
4757,2541,Urban  1.05,50893
29875,12338,Urban  1.09,50894
15852,5941,Urban  1.00,50895
25198,8652,Urban  1.06,50896
30600,12613,Urban  1.03,50897
20644,8775,Urban  0.98,50898
20505,5904,Urban  0.88,50899
29756,4294,Urban  0.87,50900
11989,1883,Urban  0.99,50901
22859,14867,Urban  0.95,50902
30527,10465,Urban  1.09,50903
22381,1671,Urban  1.01,50904
26048,468,Urban  0.93,50905
10780,2265,Urban  0.94,50906
15725,4001,Urban  0.99,50907
1454,3253,Urban  1.04,50908
2948,10400,Urban  0.93,50909
3323,8521,Urban  0.93,50910
5516,13448,Urban  1.08,50911
5342,14387,Urban  1.05,50912
3364,6540,Urban  0.85,50913
31245,8999,Urban  0.92,50914
28887,7171,Urban  1.07,50915
17146,8122,Urban  1.11,50916
9107,8655,Urban  1.08,50917
10944,12836,Urban  1.13,50918
19611,1925,Urban  0.91,50919
21319,12020,Urban  0.94,50920
4103,6499,Urban  0.93,50921
3100,14683,Urban  1.03,50922
13360,1164,Urban  1.06,50923
10432,677,Urban  1.00,50924
25242,5333,Urban  0.97,50925
7244,687,Urban  1.10,50926
29495,8439,Urban  0.96,50927
18881,8595,Urban  0.96,50928
10018,14608,Urban  1.05,50929
32615,875,Urban  0.89,50930
29717,7967,Urban  0.87,50931
14580,11848,Urban  0.85,50932
5201,7686,Urban  0.90,50933
22403,10522,Urban  1.08,50934
1711,10051,Urban  0.96,50935
20348,1749,Urban  1.01,50936
6415,11327,Urban  0.99,50937
11259,11945,Urban  1.13,50938
2919,13975,Urban  1.13,50939
1120,6657,Urban  1.06,50940
25622,6911,Urban  1.09,50941
27647,9298,Urban  1.05,50942
15958,6127,Urban  1.12,50943
19769,2795,Urban  1.03,50944
16847,323,Urban  1.05,50945
22621,683,Urban  0.87,50946
7882,799,Urban  1.04,50947
1055,1021,Urban  0.99,50948
27756,2947,Urban  1.00,50949
24719,3438,Urban  0.90,50950
12033,6078,Urban  0.87,50951
32464,8561,Urban  0.97,50952
10822,2645,Urban  0.95,50953
16132,1306,Urban  0.95,50954
2087,8772,Urban  0.90,50955
17186,12105,Urban  1.10,50956
22137,9120,Urban  1.07,50957
24754,3890,Urban  0.92,50958
32398,3648,Urban  1.03,50959
1194,1346,Urban  1.11,50960
12220,3096,Urban  1.00,50961
25563,8172,Urban  0.95,50962
21036,8175,Urban  1.08,50963
22445,2161,Urban  1.11,50964
2437,666,Urban  0.89,50965
14878,9118,Urban  1.02,50966
10073,4001,Urban  1.03,50967
17734,13408,Urban  0.89,50968
15196,10279,Urban  0.95,50969
14785,13676,Urban  1.04,50970
17352,11565,Urban  0.90,50971
11480,467,Urban  1.04,50972
27263,10421,Urban  0.96,50973
10814,6741,Urban  1.12,50974
19398,6200,Urban  0.87,50975
7862,5655,Urban  0.87,50976
2487,83,Urban  1.11,50977
6155,1312,Urban  1.14,50978
31666,6497,Urban  0.96,50979
7184,3658,Urban  0.93,50980
11129,12149,Urban  0.98,50981
31661,5793,Urban  1.08,50982
6589,7328,Urban  1.00,50983
26657,12553,Urban  0.89,50984
576,12320,Urban  0.89,50985
32767,5600,Urban  0.91,50986
7138,2647,Urban  0.89,50987
22166,3630,Urban  1.05,50988
11049,12191,Urban  1.09,50989
29630,13779,Urban  1.03,50990
15911,6552,Urban  0.96,50991
17216,4545,Urban  1.08,50992
7887,7311,Urban  1.03,50993
12888,2811,Urban  0.99,50994
1300,5049,Urban  1.13,50995
7933,2217,Urban  0.90,50996
25704,14375,Urban  0.93,50997
4085,3294,Urban  1.13,50998
26740,2437,Urban  1.13,50999
15843,12314,Urban  1.01,51000
25376,14108,Urban  0.86,51001
5318,14619,Urban  0.95,51002
8778,8252,Urban  1.03,51003
21166,10593,Urban  0.89,51004
28085,2626,Urban  0.90,51005
5005,14947,Urban  1.08,51006
24086,1268,Urban  0.86,51007
17260,2927,Urban  0.96,51008
25683,7502,Urban  1.00,51009
26477,5406,Urban  1.08,51010
17481,10513,Urban  0.93,51011
17254,2683,Urban  0.94,51012
2225,140,Urban  1.11,51013
25843,14492,Urban  1.07,51014
7685,2027,Urban  0.87,51015
24144,8363,Urban  1.01,51016
24684,12748,Urban  1.08,51017
19044,5182,Urban  1.10,51018
3353,14542,Urban  0.99,51019
24756,11140,Urban  0.98,51020
16803,12417,Urban  1.12,51021
15176,3948,Urban  0.98,51022
5179,1831,Urban  1.07,51023
18844,8240,Urban  0.97,51024
26066,220,Urban  1.04,51025
4918,11152,Urban  0.88,51026
27527,3725,Urban  1.12,51027
12670,10024,Urban  1.09,51028
7923,254,Urban  1.14,51029
7136,4594,Urban  1.05,51030
23863,173,Urban  1.07,51031
21100,1002,Urban  1.07,51032
2770,6636,Urban  0.93,51033
29282,10614,Urban  1.01,51034
9892,1594,Urban  0.93,51035
7547,1205,Urban  0.94,51036
24753,343,Urban  0.90,51037
10183,10844,Urban  0.90,51038
6525,323,Urban  1.08,51039
2419,12515,Urban  0.91,51040
13596,9068,Urban  0.88,51041
26844,8398,Urban  0.92,51042
31045,13567,Urban  1.08,51043
1720,7463,Urban  1.11,51044
20493,13688,Urban  0.93,51045
14649,14192,Urban  0.99,51046
20754,7918,Urban  1.09,51047
17528,9999,Urban  1.11,51048
28995,3815,Urban  1.03,51049
3468,7419,Urban  1.13,51050
15748,11753,Urban  0.94,51051
13077,2083,Urban  0.89,51052
7902,559,Urban  1.13,51053
20775,2426,Urban  1.14,51054
26370,13325,Urban  1.12,51055
28628,2119,Urban  1.09,51056
23102,6296,Urban  1.04,51057
8908,466,Urban  1.11,51058
10299,2114,Urban  0.99,51059
1479,9614,Urban  1.10,51060
22302,10398,Urban  0.95,51061
21687,6323,Urban  0.86,51062
7388,3954,Urban  1.14,51063
12279,4952,Urban  0.99,51064
4331,5425,Urban  0.96,51065
31724,20,Urban  0.93,51066
5262,3623,Urban  0.88,51067
2262,262,Urban  0.98,51068
23146,13275,Urban  0.95,51069
6851,9191,Urban  0.87,51070
9779,14821,Urban  1.05,51071
21219,10891,Urban  0.87,51072
17289,4467,Urban  0.98,51073
12976,5472,Urban  1.14,51074
24416,7994,Urban  1.01,51075
18078,3925,Urban  1.12,51076
29060,9146,Urban  0.89,51077
18775,2916,Urban  0.95,51078
19484,2979,Urban  1.00,51079
4526,13341,Urban  1.06,51080
17724,2987,Urban  1.01,51081
11471,8360,Urban  1.10,51082
21210,4888,Urban  0.91,51083
29520,2164,Urban  0.97,51084
27603,11959,Urban  0.95,51085
821,13472,Urban  0.91,51086
8373,4569,Urban  0.91,51087
8706,8278,Urban  1.12,51088
13707,3209,Urban  0.97,51089
29043,545,Urban  0.96,51090
8682,8674,Urban  1.15,51091
26224,3811,Urban  1.07,51092
20192,951,Urban  1.03,51093
25938,5689,Urban  1.02,51094
17050,2452,Urban  1.06,51095
6047,13748,Urban  1.13,51096
14307,14002,Urban  0.92,51097
20158,12110,Urban  0.98,51098
29632,8525,Urban  0.89,51099
25687,1212,Urban  0.99,51100
5592,2942,Urban  0.89,51101
21592,5348,Urban  0.98,51102
12400,2610,Urban  0.86,51103
5589,3008,Urban  0.91,51104
15123,5429,Urban  0.87,51105
20289,7723,Urban  0.89,51106
32593,11675,Urban  1.05,51107
14257,11791,Urban  0.93,51108
271,7985,Urban  0.94,51109
6692,1521,Urban  0.87,51110
11356,4344,Urban  1.12,51111
20748,1677,Urban  0.90,51112
20687,5392,Urban  0.87,51113
32644,1036,Urban  1.14,51114
14037,5634,Urban  0.94,51115
6910,5341,Urban  1.09,51116
30073,2619,Urban  1.01,51117
21320,3011,Urban  0.88,51118
12170,11028,Urban  1.09,51119
24638,6222,Urban  1.06,51120
5424,10674,Urban  0.87,51121
900,14862,Urban  0.93,51122
843,171,Urban  1.09,51123
29202,5928,Urban  0.99,51124
27697,1481,Urban  1.04,51125
11400,14427,Urban  1.12,51126
28073,8498,Urban  0.93,51127
24185,4382,Urban  1.09,51128
9777,12399,Urban  1.03,51129
31790,13139,Urban  0.87,51130
4082,12722,Urban  0.97,51131
21399,1294,Urban  1.13,51132
29173,4289,Urban  1.06,51133
28767,2508,Urban  1.12,51134
26732,1770,Urban  0.93,51135
23648,152,Urban  0.86,51136
11057,4114,Urban  1.13,51137
15590,13768,Urban  1.08,51138
9680,2498,Urban  1.10,51139
25224,10732,Urban  0.90,51140
13989,12333,Urban  0.88,51141
25721,3158,Urban  1.01,51142
4872,11078,Urban  0.98,51143
8617,11239,Urban  0.89,51144
27766,5964,Urban  1.13,51145
20741,9392,Urban  1.07,51146
5933,3456,Urban  0.97,51147
30645,12135,Urban  1.01,51148
11465,3123,Urban  0.98,51149
30521,2038,Urban  0.94,51150
1467,5094,Urban  0.95,51151
16030,2325,Urban  1.02,51152
31398,1600,Urban  1.12,51153
20821,11105,Urban  1.04,51154
15126,14454,Urban  0.94,51155
6980,3067,Urban  1.05,51156
14602,8373,Urban  0.91,51157
15667,410,Urban  0.85,51158
16705,7390,Urban  1.04,51159
28063,1255,Urban  1.08,51160
26189,2153,Urban  1.01,51161
2453,5812,Urban  0.99,51162
30940,13720,Urban  0.89,51163
20012,1542,Urban  0.95,51164
29111,4075,Urban  0.93,51165
16048,11695,Urban  0.90,51166
607,9004,Urban  1.13,51167
17564,9324,Urban  1.06,51168
1884,1952,Urban  0.90,51169
28153,5367,Urban  0.85,51170
25492,12735,Urban  0.97,51171
9147,7516,Urban  0.85,51172
28223,8902,Urban  1.12,51173
5423,2117,Urban  0.91,51174
9562,1405,Urban  1.00,51175
13981,9595,Urban  1.13,51176
21671,10073,Urban  0.89,51177
24744,2660,Urban  1.05,51178
26008,13363,Urban  1.05,51179
11023,6323,Urban  1.06,51180
9915,9709,Urban  1.02,51181
22752,1607,Urban  1.01,51182
6526,1087,Urban  0.86,51183
25917,2605,Urban  0.99,51184
19300,8709,Urban  1.12,51185
18238,11177,Urban  0.97,51186
31747,4379,Urban  1.09,51187
10398,13357,Urban  1.14,51188
25443,1435,Urban  0.93,51189
24105,6037,Urban  1.12,51190
25754,8582,Urban  1.09,51191
16936,10637,Urban  0.88,51192
26288,767,Urban  0.93,51193
28746,4816,Urban  1.09,51194
566,1797,Urban  0.96,51195
8113,1243,Urban  1.08,51196
15382,14716,Urban  1.09,51197
17187,9532,Urban  1.14,51198
13953,8481,Urban  1.07,51199
162,11093,Urban  0.99,51200
9996,9649,Urban  0.88,51201
18640,11799,Urban  0.93,51202
3415,1898,Urban  0.85,51203
11234,4399,Urban  1.00,51204
10197,1757,Urban  1.10,51205
19740,12747,Urban  0.92,51206
3209,3780,Urban  0.90,51207
22273,2258,Urban  0.94,51208
10714,5126,Urban  1.11,51209
25030,8215,Urban  0.99,51210
22479,6441,Urban  0.92,51211
10916,2703,Urban  0.97,51212
7238,435,Urban  0.94,51213
5652,606,Urban  0.92,51214
25869,13022,Urban  1.08,51215
4144,8788,Urban  0.86,51216
20707,12384,Urban  0.91,51217
17817,1199,Urban  0.89,51218
15562,1649,Urban  1.05,51219
13497,10951,Urban  1.10,51220
15668,14521,Urban  1.08,51221
2626,2613,Urban  1.13,51222
748,3459,Urban  0.86,51223
27948,1745,Urban  0.89,51224
31186,5018,Urban  1.05,51225
7591,13520,Urban  0.97,51226
17336,1081,Urban  0.95,51227
26555,12941,Urban  0.95,51228
7179,3213,Urban  0.95,51229
13711,4940,Urban  0.87,51230
16650,14065,Urban  1.03,51231
22153,14505,Urban  0.88,51232
17848,572,Urban  0.96,51233
10180,3256,Urban  1.01,51234
15312,5579,Urban  0.85,51235
32662,7429,Urban  1.05,51236
1886,8385,Urban  0.87,51237
24856,12234,Urban  1.11,51238
30156,8053,Urban  1.08,51239
24044,1074,Urban  0.89,51240
28808,12268,Urban  1.12,51241
31671,8186,Urban  0.99,51242
26506,12090,Urban  0.91,51243
16394,2101,Urban  0.95,51244
27235,14549,Urban  0.97,51245
175,14060,Urban  0.89,51246
26271,13541,Urban  0.87,51247
3984,13940,Urban  0.97,51248
14490,2281,Urban  1.09,51249
8380,970,Urban  1.01,51250
14371,746,Urban  1.11,51251
11820,1023,Urban  0.99,51252
15475,7681,Urban  1.08,51253
28760,8738,Urban  0.91,51254
19312,13101,Urban  1.05,51255
5060,667,Urban  0.93,51256
22058,416,Urban  0.98,51257
29442,14507,Urban  1.10,51258
6427,13478,Urban  0.96,51259
6628,10740,Urban  1.14,51260
141,7221,Urban  1.06,51261
462,10742,Urban  1.11,51262
25138,13244,Urban  0.91,51263
8297,2178,Urban  1.08,51264
729,13434,Urban  0.89,51265
22829,12451,Urban  0.92,51266
19383,9913,Urban  1.06,51267
30574,3142,Urban  0.99,51268
21715,13091,Urban  0.91,51269
23037,594,Urban  0.95,51270
4701,13230,Urban  1.07,51271
14967,4140,Urban  0.88,51272
4393,5842,Urban  0.94,51273
18899,6148,Urban  0.89,51274
21121,4720,Urban  1.05,51275
2267,6363,Urban  0.91,51276
4617,4809,Urban  1.06,51277
7815,11521,Urban  1.06,51278
8299,13282,Urban  1.01,51279
18294,1299,Urban  1.09,51280
5122,10097,Urban  0.96,51281
8448,12275,Urban  0.99,51282
27846,14996,Urban  0.87,51283
22415,2007,Urban  0.92,51284
31515,12778,Urban  1.08,51285
29506,5843,Urban  0.89,51286
29020,4979,Urban  1.03,51287
28423,5900,Urban  1.07,51288
5681,3443,Urban  1.12,51289
17844,2346,Urban  0.99,51290
8725,9203,Urban  0.87,51291
32195,9232,Urban  1.06,51292
31893,3980,Urban  1.06,51293
18358,6523,Urban  0.92,51294
24113,10970,Urban  1.08,51295
19547,207,Urban  0.87,51296
25062,1842,Urban  1.00,51297
8034,13008,Urban  0.87,51298
24005,2117,Urban  1.08,51299
16387,14634,Urban  1.09,51300
31787,8066,Urban  1.02,51301
29857,674,Urban  1.14,51302
6003,8552,Urban  1.06,51303
28600,10353,Urban  1.13,51304
22580,2232,Urban  1.05,51305
23410,12126,Urban  0.88,51306
6765,7585,Urban  1.08,51307
30383,3363,Urban  0.90,51308
14385,5705,Urban  1.06,51309
10613,5908,Urban  0.89,51310
6315,14278,Urban  0.93,51311
12282,10979,Urban  1.02,51312
22675,191,Urban  0.89,51313
701,3882,Urban  0.85,51314
7531,12200,Urban  1.11,51315
18299,8894,Urban  1.11,51316
14114,6797,Urban  0.93,51317
10711,960,Urban  1.10,51318
11241,14567,Urban  0.91,51319
19469,12810,Urban  1.11,51320
14431,7083,Urban  1.05,51321
24341,10821,Urban  1.02,51322
16992,1783,Urban  1.15,51323
12017,11802,Urban  0.96,51324
18203,8619,Urban  0.93,51325
23328,3003,Urban  0.95,51326
32064,11890,Urban  1.14,51327
23670,13792,Urban  0.87,51328
19032,6444,Urban  0.87,51329
12477,2766,Urban  1.00,51330
22192,7183,Urban  0.99,51331
23019,3257,Urban  1.09,51332
3423,2854,Urban  1.03,51333
8670,6459,Urban  1.06,51334
15942,1883,Urban  0.98,51335
5321,14319,Urban  0.93,51336
30241,3791,Urban  0.99,51337
13291,359,Urban  1.04,51338
1284,12254,Urban  1.12,51339
20252,9228,Urban  1.09,51340
9683,13004,Urban  1.08,51341
3921,2974,Urban  1.02,51342
22934,489,Urban  0.91,51343
21810,13267,Urban  1.11,51344
24516,6195,Urban  0.90,51345
30283,5470,Urban  1.11,51346
20682,2310,Urban  0.93,51347
26759,12163,Urban  1.05,51348
21120,7376,Urban  0.91,51349
24304,11722,Urban  0.99,51350
13904,423,Urban  1.13,51351
3055,4175,Urban  0.98,51352
7979,13590,Urban  0.89,51353
31869,14627,Urban  0.94,51354
8626,291,Urban  0.87,51355
7428,10624,Urban  0.90,51356
15126,8617,Urban  0.98,51357
17380,965,Urban  0.85,51358
2965,14813,Urban  1.14,51359
26322,2772,Urban  1.04,51360
1958,14392,Urban  0.99,51361
14228,3782,Urban  1.15,51362
24369,3415,Urban  1.08,51363
6593,9155,Urban  1.05,51364
15462,14887,Urban  0.87,51365
1674,11461,Urban  0.91,51366
17422,9087,Urban  0.99,51367
21698,7520,Urban  1.07,51368
32618,7141,Urban  0.90,51369
19095,2072,Urban  0.96,51370
7168,303,Urban  1.10,51371
11196,1645,Urban  1.04,51372
18406,5899,Urban  1.10,51373
29171,1302,Urban  1.04,51374
29028,3339,Urban  0.87,51375
22328,10859,Urban  1.01,51376
26381,13782,Urban  1.01,51377
8194,1471,Urban  0.98,51378
20891,9750,Urban  1.01,51379
31051,6088,Urban  0.94,51380
21295,1742,Urban  1.13,51381
4453,10289,Urban  0.93,51382
20423,4108,Urban  1.10,51383
9156,714,Urban  0.95,51384
4365,5654,Urban  0.95,51385
20292,445,Urban  0.95,51386
11205,9343,Urban  1.12,51387
2966,5595,Urban  0.93,51388
22399,11574,Urban  0.92,51389
15833,14561,Urban  1.12,51390
22890,12707,Urban  0.98,51391
5512,4397,Urban  0.87,51392
18761,11039,Urban  0.89,51393
21056,5095,Urban  0.98,51394
25600,12429,Urban  1.14,51395
10266,10729,Urban  1.07,51396
24889,3950,Urban  1.10,51397
31613,4791,Urban  1.12,51398
27139,1883,Urban  1.04,51399
28345,11075,Urban  1.08,51400
27780,4340,Urban  0.87,51401
2766,7169,Urban  0.96,51402
11543,14388,Urban  0.93,51403
31270,13792,Urban  1.07,51404
12130,8165,Urban  1.09,51405
10034,7309,Urban  0.92,51406
29261,12875,Urban  0.90,51407
27171,555,Urban  0.95,51408
4072,1287,Urban  1.08,51409
6201,12766,Urban  1.09,51410
11927,2791,Urban  1.03,51411
3168,13196,Urban  1.02,51412
25380,12236,Urban  0.93,51413
29710,2724,Urban  0.99,51414
15240,1342,Urban  0.86,51415
7332,14482,Urban  1.13,51416
14462,8003,Urban  0.93,51417
31937,2474,Urban  1.10,51418
4175,4634,Urban  0.85,51419
4671,8707,Urban  0.96,51420
16205,2978,Urban  1.01,51421
14553,241,Urban  1.13,51422
15093,1004,Urban  1.01,51423
9902,1090,Urban  1.00,51424
8888,8776,Urban  0.88,51425
4889,14426,Urban  1.03,51426
5590,9152,Urban  1.04,51427
400,14633,Urban  0.97,51428
30671,12714,Urban  0.92,51429
3473,1161,Urban  0.91,51430
30045,14457,Urban  0.99,51431
13768,6279,Urban  0.94,51432
6634,2252,Urban  0.96,51433
21480,2537,Urban  0.85,51434
18947,8245,Urban  0.92,51435
31731,7636,Urban  1.00,51436
4416,3698,Urban  1.08,51437
14568,8011,Urban  1.15,51438
29321,9378,Urban  1.10,51439
22028,2099,Urban  0.96,51440
24522,1318,Urban  0.86,51441
27466,6683,Urban  0.91,51442
14964,10786,Urban  1.08,51443
2141,2575,Urban  1.05,51444
20570,3556,Urban  1.12,51445
28098,156,Urban  1.02,51446
16585,9773,Urban  0.91,51447
5032,2713,Urban  0.97,51448
9206,4099,Urban  0.87,51449
7757,2523,Urban  1.02,51450
17162,2406,Urban  1.04,51451
7317,6905,Urban  1.01,51452
14713,12902,Urban  1.10,51453
22714,12282,Urban  1.06,51454
2160,14296,Urban  0.93,51455
27743,14379,Urban  0.96,51456
2924,5964,Urban  0.95,51457
119,6479,Urban  0.91,51458
26985,6289,Urban  0.87,51459
30394,4085,Urban  0.94,51460
8225,8436,Urban  0.93,51461
32156,8116,Urban  1.09,51462
12116,2919,Urban  1.04,51463
4358,4070,Urban  0.95,51464
18450,8708,Urban  0.92,51465
31037,14280,Urban  0.93,51466
18555,617,Urban  1.01,51467
18106,6169,Urban  0.93,51468
18040,2050,Urban  0.97,51469
25835,13255,Urban  1.01,51470
3152,9520,Urban  1.05,51471
-1,-1 
